1731252754275 22.0 0
1731252754468 60.0 0
1731252754603 123.0 0
1731252754666 198.0 0
1731252754720 313.0 0
1731252754771 461.0 0
1731252754858 585.0 0
1731252754908 717.0 0
1731252754944 855.0 0
1731252754986 985.0 0
1731252755028 1120.0 0
1731252755080 1260.0 0
1731252755124 1416.0 0
1731252755168 1568.0 0
1731252755210 1708.0 0
1731252755288 1860.0 0
1731252755388 2013.0 0
1731252755417 2167.0 0
1731252755449 2328.0 0
1731252755490 2478.0 0
1731252755519 2632.0 0
1731252755555 2776.0 0
1731252755599 2933.0 0
1731252755633 3078.0 0
1731252755681 3243.0 0
1731252755711 3393.0 0
1731252755756 3547.0 0
1731252755791 3699.0 0
1731252755826 3856.0 0
1731252755864 4014.0 0
1731252755901 4175.0 0
1731252755940 4346.0 0
1731252755982 4502.0 0
1731252756019 4654.0 0
1731252756061 4815.0 0
1731252756092 4986.0 0
1731252756123 5143.0 0
1731252756151 5300.0 0
1731252756181 5465.0 0
1731252756211 5624.0 0
1731252756252 5786.0 0
1731252756294 5941.0 0
1731252756353 6100.0 0
1731252756383 6261.0 0
1731252756420 6408.0 0
1731252756463 6576.0 0
1731252756515 6728.0 0
1731252756549 6895.0 0
1731252756586 7062.0 0
1731252756621 7222.0 0
1731252756652 7380.0 0
1731252756687 7542.0 0
1731252756715 7696.0 0
1731252756743 7839.0 0
1731252756945 7997.0 0
1731252757004 8159.0 0
1731252757067 8325.0 0
1731252757098 8492.0 0
1731252757143 8650.0 0
1731252757175 8809.0 0
1731252757206 8964.0 0
1731252757264 9128.0 0
1731252757340 9291.0 0
1731252757372 9456.0 0
1731252757402 9625.0 0
1731252757434 9794.0 0
1731252757474 9948.0 0
1731252757510 10118.0 0
1731252757562 10285.0 0
1731252757593 10452.0 0
1731252757625 10621.0 0
1731252757657 10788.0 0
1731252757705 10953.0 0
1731252757777 11115.0 0
1731252757901 11275.0 0
1731252757938 11439.0 0
1731252757998 11595.0 0
1731252758033 11752.0 0
1731252758065 11920.0 0
1731252758104 12085.0 0
1731252758142 12255.0 0
1731252758179 12413.0 0
1731252758223 12570.0 0
1731252758318 12733.0 0
1731252758360 12897.0 0
1731252758388 13060.0 0
1731252758418 13217.0 0
1731252758450 13374.0 0
1731252758481 13547.0 0
1731252758517 13703.0 0
1731252758553 13870.0 0
1731252758587 14031.0 0
1731252758621 14183.0 0
1731252758653 14349.0 0
1731252758683 14515.0 0
1731252758721 14680.0 0
1731252758752 14851.0 0
1731252758789 15010.0 0
1731252758829 15181.0 0
1731252758867 15350.0 0
1731252758897 15513.0 0
1731252758935 15677.0 0
1731252758983 15838.0 0
1731252759028 16010.0 0
1731252759063 16166.0 0
1731252759095 16328.0 0
1731252759129 16495.0 0
1731252759160 16664.0 0
1731252759189 16834.0 0
1731252759225 17001.0 0
1731252759267 17171.0 0
1731252759298 17340.0 0
1731252759338 17513.0 0
1731252759370 17690.0 0
1731252759400 17860.0 0
1731252759439 18033.0 0
1731252759476 18200.0 0
1731252759523 18359.0 0
1731252759557 18523.0 0
1731252759600 18692.0 0
1731252759646 18862.0 0
1731252759690 19027.0 0
1731252759723 19184.0 0
1731252759767 19345.0 0
1731252759797 19518.0 0
1731252759828 19684.0 0
1731252759858 19845.0 0
1731252759887 20013.0 0
1731252759923 20176.0 0
1731252759961 20336.0 0
1731252759999 20497.0 0
1731252760040 20656.0 0
1731252760069 20831.0 0
1731252760100 20999.0 0
1731252760131 21162.0 0
1731252760165 21327.0 0
1731252760195 21491.0 0
1731252760228 21647.0 0
1731252760257 21817.0 0
1731252760299 21988.0 0
1731252760339 22148.0 0
1731252760379 22316.0 0
1731252760408 22479.0 0
1731252760442 22645.0 0
1731252760471 22813.0 0
1731252760504 22983.0 0
1731252760533 23148.0 0
1731252760561 23312.0 0
1731252760597 23486.0 0
1731252760636 23648.0 0
1731252760667 23804.0 0
1731252760698 23972.0 0
1731252760743 24140.0 0
1731252760794 24312.0 0
1731252760830 24475.0 0
1731252760859 24640.0 0
1731252760889 24799.0 0
1731252760917 24960.0 0
1731252760951 25124.0 0
1731252760986 25284.0 0
1731252761017 25451.0 0
1731252761051 25620.0 0
1731252761086 25788.0 0
1731252761125 25952.0 0
1731252761156 26117.0 0
1731252761221 26274.0 0
1731252761274 26441.0 0
1731252761305 26615.0 0
1731252761342 26782.0 0
1731252761372 26943.0 0
1731252761406 27102.0 0
1731252761458 27276.0 0
1731252761491 27448.0 0
1731252761520 27618.0 0
1731252761547 27775.0 0
1731252761576 27930.0 0
1731252761610 28098.0 0
1731252761642 28256.0 0
1731252761684 28416.0 0
1731252761713 28591.0 0
1731252761752 28762.0 0
1731252761822 28929.0 0
1731252761863 29092.0 0
1731252761895 29265.0 0
1731252761934 29429.0 0
1731252761966 29595.0 0
1731252762011 29756.0 0
1731252762048 29925.0 0
1731252762083 30100.0 0
1731252762118 30258.0 0
1731252762160 30421.0 0
1731252762190 30583.0 0
1731252762226 30748.0 0
1731252762256 30915.0 0
1731252762286 31079.0 0
1731252762323 31241.0 0
1731252762352 31408.0 0
1731252762391 31571.0 0
1731252762425 31737.0 0
1731252762456 31906.0 0
1731252762488 32074.0 0
1731252762527 32229.0 0
1731252762559 32394.0 0
1731252762591 32559.0 0
1731252762625 32729.0 0
1731252762668 32897.0 0
1731252762700 33076.0 0
1731252762732 33239.0 0
1731252762762 33401.0 0
1731252762799 33562.0 0
1731252762832 33730.0 0
1731252762864 33889.0 0
1731252762905 34048.0 0
1731252762939 34207.0 0
1731252762987 34386.0 0
1731252763025 34547.0 0
1731252763055 34714.0 0
1731252763094 34884.0 0
1731252763124 35052.0 0
1731252763155 35223.0 0
1731252763191 35388.0 0
1731252763241 35551.0 0
1731252763270 35727.0 0
1731252763301 35899.0 0
1731252763335 36069.0 0
1731252763366 36232.0 0
1731252763399 36404.0 0
1731252763431 36573.0 0
1731252763459 36749.0 0
1731252763500 36921.0 0
1731252763530 37092.0 0
1731252763572 37256.0 0
1731252763611 37427.0 0
1731252763645 37588.0 0
1731252763677 37752.0 0
1731252763711 37928.0 0
1731252763765 38099.0 0
1731252763799 38269.0 0
1731252763829 38436.0 0
1731252763860 38598.0 0
1731252763899 38769.0 0
1731252763934 38929.0 0
1731252764065 39107.0 0
1731252764101 39278.0 0
1731252764141 39444.0 0
1731252764193 39618.0 0
1731252764224 39780.0 0
1731252764313 39949.0 0
1731252764356 40114.0 0
1731252764393 40282.0 0
1731252764431 40438.0 0
1731252764461 40603.0 0
1731252764493 40768.0 0
1731252764522 40934.0 0
1731252764560 41110.0 0
1731252764590 41272.0 0
1731252764624 41432.0 0
1731252764659 41600.0 0
1731252764693 41776.0 0
1731252764730 41949.0 0
1731252764761 42130.0 0
1731252764816 42299.0 0
1731252764852 42457.0 0
1731252764891 42633.0 0
1731252765091 42816.0 0
1731252765139 42995.0 0
1731252765171 43166.0 0
1731252765201 43346.0 0
1731252765241 43529.0 0
1731252765269 43708.0 0
1731252765309 43893.0 0
1731252765346 44066.0 0
1731252765378 44239.0 0
1731252765408 44418.0 0
1731252765438 44600.0 0
1731252765471 44779.0 0
1731252765507 44955.0 0
1731252765554 45139.0 0
1731252765594 45319.0 0
1731252765630 45503.0 0
1731252765676 45681.0 0
1731252765716 45862.0 0
1731252765748 46049.0 0
1731252765781 46233.0 0
1731252765821 46405.0 0
1731252765851 46595.0 0
1731252765888 46770.0 0
1731252765934 46954.0 0
1731252765973 47133.0 0
1731252766008 47316.0 0
1731252766043 47494.0 0
1731252766077 47673.0 0
1731252766105 47852.0 0
1731252766134 48034.0 0
1731252766164 48224.0 0
1731252766193 48403.0 0
1731252766233 48582.0 0
1731252766270 48765.0 0
1731252766307 48953.0 0
1731252766336 49132.0 0
1731252766382 185.0 1
1731252766409 369.0 1
1731252766437 551.0 1
1731252766467 729.0 1
1731252766499 918.0 1
1731252766550 1106.0 1
1731252766619 1291.0 1
1731252766652 1480.0 1
1731252766685 1664.0 1
1731252766726 1856.0 1
1731252766763 2038.0 1
1731252766792 2222.0 1
1731252766826 2404.0 1
1731252766864 2581.0 1
1731252766893 2760.0 1
1731252766936 2943.0 1
1731252766973 3122.0 1
1731252767005 3311.0 1
1731252767040 3492.0 1
1731252767076 3673.0 1
1731252767112 3853.0 1
1731252767148 4044.0 1
1731252767183 4228.0 1
1731252767211 4419.0 1
1731252767241 4606.0 1
1731252767270 4780.0 1
1731252767301 4959.0 1
1731252767330 5144.0 1
1731252767359 5336.0 1
1731252767389 5520.0 1
1731252767427 5699.0 1
1731252767465 5884.0 1
1731252767503 6057.0 1
1731252767555 6225.0 1
1731252767605 6405.0 1
1731252767634 6584.0 1
1731252767665 6760.0 1
1731252767696 6936.0 1
1731252767732 7121.0 1
1731252767764 7308.0 1
1731252767793 7489.0 1
1731252767833 7677.0 1
1731252767871 7858.0 1
1731252767904 8029.0 1
1731252767953 8216.0 1
1731252768000 8397.0 1
1731252768037 8584.0 1
1731252768068 8763.0 1
1731252768116 8940.0 1
1731252768159 9124.0 1
1731252768201 9306.0 1
1731252768252 9489.0 1
1731252768291 9671.0 1
1731252768340 9859.0 1
1731252768371 10039.0 1
1731252768404 10217.0 1
1731252768436 10403.0 1
1731252768476 10585.0 1
1731252768509 10769.0 1
1731252768542 10952.0 1
1731252768577 11134.0 1
1731252768614 11309.0 1
1731252768646 11489.0 1
1731252768681 11668.0 1
1731252768716 11851.0 1
1731252768748 12035.0 1
1731252768789 12219.0 1
1731252768821 12408.0 1
1731252768852 12587.0 1
1731252768886 12766.0 1
1731252768926 12945.0 1
1731252768956 13133.0 1
1731252768986 13316.0 1
1731252769058 13502.0 1
1731252769092 13682.0 1
1731252769131 13861.0 1
1731252769161 14038.0 1
1731252769191 14221.0 1
1731252769228 14399.0 1
1731252769268 14587.0 1
1731252769300 14770.0 1
1731252769336 14953.0 1
1731252769383 15143.0 1
1731252769424 15328.0 1
1731252769466 15511.0 1
1731252769508 15689.0 1
1731252769538 15876.0 1
1731252769584 16055.0 1
1731252769612 16244.0 1
1731252769648 16427.0 1
1731252769679 16613.0 1
1731252769721 16800.0 1
1731252769762 16992.0 1
1731252769911 17178.0 1
1731252769951 17369.0 1
1731252769997 17554.0 1
1731252770078 17736.0 1
1731252770131 17923.0 1
1731252770187 18104.0 1
1731252770243 18287.0 1
1731252770307 18467.0 1
1731252770354 18653.0 1
1731252770395 18838.0 1
1731252770439 19023.0 1
1731252770481 19198.0 1
1731252770513 19382.0 1
1731252770550 19567.0 1
1731252770582 19753.0 1
1731252770620 19935.0 1
1731252770663 20114.0 1
1731252770721 20291.0 1
1731252770770 20468.0 1
1731252770847 20652.0 1
1731252770882 20834.0 1
1731252770913 21014.0 1
1731252770951 21197.0 1
1731252770995 21385.0 1
1731252771063 21562.0 1
1731252771099 21747.0 1
1731252771132 21922.0 1
1731252771173 22101.0 1
1731252771212 22273.0 1
1731252771255 22454.0 1
1731252771289 22631.0 1
1731252771323 22805.0 1
1731252771354 22977.0 1
1731252771388 23156.0 1
1731252771435 23332.0 1
1731252771544 23509.0 1
1731252771601 23683.0 1
1731252771652 23867.0 1
1731252771724 24046.0 1
1731252771762 24227.0 1
1731252771796 24410.0 1
1731252771827 24595.0 1
1731252771877 24776.0 1
1731252771929 24954.0 1
1731252771972 25133.0 1
1731252772009 25320.0 1
1731252772045 25504.0 1
1731252772084 25689.0 1
1731252772142 25877.0 1
1731252772188 26065.0 1
1731252772225 26248.0 1
1731252772273 26433.0 1
1731252772305 26620.0 1
1731252772372 26805.0 1
1731252772417 26995.0 1
1731252772449 27183.0 1
1731252772488 27363.0 1
1731252772525 27550.0 1
1731252772561 27734.0 1
1731252772602 27918.0 1
1731252772631 28093.0 1
1731252772670 28274.0 1
1731252772714 28460.0 1
1731252772755 28643.0 1
1731252772814 28832.0 1
1731252772845 29012.0 1
1731252772878 29198.0 1
1731252772945 29382.0 1
1731252773027 29569.0 1
1731252773062 29750.0 1
1731252773114 29931.0 1
1731252773156 30111.0 1
1731252773190 30287.0 1
1731252773226 30473.0 1
1731252773267 30658.0 1
1731252773306 30838.0 1
1731252773337 31017.0 1
1731252773370 31196.0 1
1731252773405 31377.0 1
1731252773436 31558.0 1
1731252773469 31739.0 1
1731252773503 31924.0 1
1731252773544 32106.0 1
1731252773576 32288.0 1
1731252773617 32467.0 1
1731252773687 32641.0 1
1731252773721 32818.0 1
1731252773754 32989.0 1
1731252773801 33176.0 1
1731252773846 33355.0 1
1731252773879 33540.0 1
1731252773916 33722.0 1
1731252773946 33908.0 1
1731252773992 34090.0 1
1731252774027 34281.0 1
1731252774063 34454.0 1
1731252774100 34639.0 1
1731252774152 34820.0 1
1731252774191 35000.0 1
1731252774235 35169.0 1
1731252774270 35345.0 1
1731252774312 35523.0 1
1731252774356 35708.0 1
1731252774397 35886.0 1
1731252774433 36074.0 1
1731252774479 36254.0 1
1731252774519 36434.0 1
1731252774559 36603.0 1
1731252774599 36786.0 1
1731252774639 36970.0 1
1731252774671 37152.0 1
1731252774771 37334.0 1
1731252774810 37513.0 1
1731252774848 37697.0 1
1731252774890 37884.0 1
1731252774934 38070.0 1
1731252774967 38257.0 1
1731252775013 38449.0 1
1731252775047 38635.0 1
1731252775079 38823.0 1
1731252775114 39004.0 1
1731252775146 39183.0 1
1731252775180 39371.0 1
1731252775215 39557.0 1
1731252775247 39740.0 1
1731252775276 39920.0 1
1731252775310 40107.0 1
1731252775348 40293.0 1
1731252775380 40479.0 1
1731252775420 40665.0 1
1731252775449 40849.0 1
1731252775478 41035.0 1
1731252775505 41220.0 1
1731252775535 41401.0 1
1731252775565 41583.0 1
1731252775595 41771.0 1
1731252775633 41959.0 1
1731252775668 42141.0 1
1731252775698 42324.0 1
1731252775743 42508.0 1
1731252775782 42693.0 1
1731252775818 42880.0 1
1731252775854 43067.0 1
1731252775896 43254.0 1
1731252775925 43438.0 1
1731252775962 43623.0 1
1731252775993 43801.0 1
1731252776026 43984.0 1
1731252776056 44164.0 1
1731252776108 44349.0 1
1731252776144 44523.0 1
1731252776178 44704.0 1
1731252776213 44893.0 1
1731252776247 45079.0 1
1731252776282 45265.0 1
1731252776317 45452.0 1
1731252776397 45639.0 1
1731252776433 45820.0 1
1731252776482 46009.0 1
1731252776517 46192.0 1
1731252776553 46377.0 1
1731252776584 46558.0 1
1731252776629 46738.0 1
1731252776665 46920.0 1
1731252776705 47106.0 1
1731252776736 47288.0 1
1731252776764 47470.0 1
1731252776799 47648.0 1
1731252776828 47824.0 1
1731252776862 48015.0 1
1731252776903 48194.0 1
1731252776943 48374.0 1
1731252776987 48561.0 1
1731252777024 48745.0 1
1731252777058 48927.0 1
1731252777094 49105.0 1
1731252777128 49293.0 1
1731252777162 49485.0 1
1731252777205 49670.0 1
1731252777240 49851.0 1
1731252777270 50037.0 1
1731252777300 50217.0 1
1731252777339 50403.0 1
1731252777368 50592.0 1
1731252777400 50774.0 1
1731252777428 50956.0 1
1731252777459 51141.0 1
1731252777490 51328.0 1
1731252777518 51514.0 1
1731252777549 51693.0 1
1731252777582 51883.0 1
1731252777619 52063.0 1
1731252777657 52251.0 1
1731252777692 52436.0 1
1731252777725 52616.0 1
1731252777786 52806.0 1
1731252777830 52986.0 1
1731252777869 53170.0 1
1731252777909 53355.0 1
1731252777964 53531.0 1
1731252778003 53716.0 1
1731252778051 53905.0 1
1731252778084 54095.0 1
1731252778115 54271.0 1
1731252778170 54458.0 1
1731252778204 54636.0 1
1731252778254 54823.0 1
1731252778302 183.0 2
1731252778354 362.0 2
1731252778387 552.0 2
1731252778420 731.0 2
1731252778625 916.0 2
1731252778658 1097.0 2
1731252778688 1283.0 2
1731252778718 1470.0 2
1731252778752 1654.0 2
1731252778792 1844.0 2
1731252778828 2028.0 2
1731252778869 2210.0 2
1731252778906 2395.0 2
1731252778939 2583.0 2
1731252778968 2767.0 2
1731252779001 2940.0 2
1731252779034 3124.0 2
1731252779065 3307.0 2
1731252779100 3482.0 2
1731252779132 3667.0 2
1731252779175 3853.0 2
1731252779213 4043.0 2
1731252779242 4235.0 2
1731252779273 4419.0 2
1731252779301 4605.0 2
1731252779329 4796.0 2
1731252779359 4977.0 2
1731252779402 5163.0 2
1731252779432 5341.0 2
1731252779467 5518.0 2
1731252779509 5696.0 2
1731252779554 5865.0 2
1731252779587 6042.0 2
1731252779625 6222.0 2
1731252779655 6402.0 2
1731252779692 6582.0 2
1731252779726 6760.0 2
1731252779756 6942.0 2
1731252779790 7124.0 2
1731252779825 7310.0 2
1731252779854 7489.0 2
1731252779884 7671.0 2
1731252779915 7859.0 2
1731252779943 8049.0 2
1731252779982 8228.0 2
1731252780062 8404.0 2
1731252780092 8592.0 2
1731252780135 8777.0 2
1731252780171 8960.0 2
1731252780201 9140.0 2
1731252780240 9322.0 2
1731252780273 9507.0 2
1731252780303 9693.0 2
1731252780334 9874.0 2
1731252780383 10064.0 2
1731252780414 10243.0 2
1731252780444 10423.0 2
1731252780489 10613.0 2
1731252780519 10803.0 2
1731252780554 10986.0 2
1731252780595 11171.0 2
1731252780624 11360.0 2
1731252780653 11550.0 2
1731252780683 11735.0 2
1731252780716 11922.0 2
1731252780760 12102.0 2
1731252780802 12285.0 2
1731252780840 12475.0 2
1731252780873 12655.0 2
1731252780916 12835.0 2
1731252780947 13015.0 2
1731252780982 13198.0 2
1731252781015 13376.0 2
1731252781059 13561.0 2
1731252781089 13750.0 2
1731252781125 13934.0 2
1731252781166 14123.0 2
1731252781209 14312.0 2
1731252781248 14492.0 2
1731252781287 14675.0 2
1731252781340 14863.0 2
1731252781374 15055.0 2
1731252781407 15247.0 2
1731252781442 15435.0 2
1731252781481 15620.0 2
1731252781521 15810.0 2
1731252781566 15995.0 2
1731252781596 16182.0 2
1731252781631 16365.0 2
1731252781666 16555.0 2
1731252781710 16739.0 2
1731252781745 16921.0 2
1731252781775 17099.0 2
1731252781807 17279.0 2
1731252781839 17450.0 2
1731252781880 17634.0 2
1731252781966 17808.0 2
1731252782055 17990.0 2
1731252782099 18175.0 2
1731252782145 18355.0 2
1731252782195 18537.0 2
1731252782230 18719.0 2
1731252782284 18906.0 2
1731252782329 19086.0 2
1731252782390 19275.0 2
1731252782432 19464.0 2
1731252782480 19653.0 2
1731252782523 19837.0 2
1731252782558 20020.0 2
1731252782589 20203.0 2
1731252782624 20391.0 2
1731252782659 20576.0 2
1731252782698 20756.0 2
1731252782729 20937.0 2
1731252782762 21124.0 2
1731252782793 21313.0 2
1731252782827 21499.0 2
1731252782863 21680.0 2
1731252782898 21859.0 2
1731252782929 22039.0 2
1731252782977 22226.0 2
1731252783005 22410.0 2
1731252783037 22588.0 2
1731252783065 22773.0 2
1731252783101 22959.0 2
1731252783133 23125.0 2
1731252783162 23308.0 2
1731252783197 23493.0 2
1731252783232 23671.0 2
1731252783264 23853.0 2
1731252783297 24035.0 2
1731252783347 24218.0 2
1731252783379 24394.0 2
1731252783421 24568.0 2
1731252783451 24746.0 2
1731252783482 24923.0 2
1731252783517 25099.0 2
1731252783563 25281.0 2
1731252783613 25463.0 2
1731252783650 25649.0 2
1731252783701 25840.0 2
1731252783739 26020.0 2
1731252783772 26207.0 2
1731252783810 26391.0 2
1731252783842 26579.0 2
1731252783879 26764.0 2
1731252783927 26946.0 2
1731252783977 27132.0 2
1731252784008 27310.0 2
1731252784088 27494.0 2
1731252784138 27671.0 2
1731252784184 27860.0 2
1731252784236 28046.0 2
1731252784275 28234.0 2
1731252784311 28411.0 2
1731252784369 28595.0 2
1731252784412 28779.0 2
1731252784444 28969.0 2
1731252784479 29151.0 2
1731252784512 29335.0 2
1731252784543 29518.0 2
1731252784581 29699.0 2
1731252784622 29880.0 2
1731252784657 30058.0 2
1731252784693 30240.0 2
1731252784730 30423.0 2
1731252784764 30607.0 2
1731252784809 30791.0 2
1731252784857 30972.0 2
1731252784895 31154.0 2
1731252784926 31341.0 2
1731252784956 31524.0 2
1731252784993 31714.0 2
1731252785032 31901.0 2
1731252785071 32087.0 2
1731252785106 32273.0 2
1731252785134 32457.0 2
1731252785168 32643.0 2
1731252785197 32833.0 2
1731252785232 33023.0 2
1731252785262 33206.0 2
1731252785293 33389.0 2
1731252785331 33576.0 2
1731252785361 33769.0 2
1731252785398 33954.0 2
1731252785430 34136.0 2
1731252785473 34322.0 2
1731252785506 34508.0 2
1731252785540 34694.0 2
1731252785572 34879.0 2
1731252785609 35068.0 2
1731252785642 35250.0 2
1731252785676 35433.0 2
1731252785718 35609.0 2
1731252785753 35795.0 2
1731252785794 35969.0 2
1731252785831 36150.0 2
1731252785876 36340.0 2
1731252785910 36522.0 2
1731252785949 36709.0 2
1731252785992 36898.0 2
1731252786026 37086.0 2
1731252786064 37268.0 2
1731252786100 37441.0 2
1731252786129 37622.0 2
1731252786157 37806.0 2
1731252786191 37989.0 2
1731252786220 38165.0 2
1731252786254 38340.0 2
1731252786285 38527.0 2
1731252786316 38714.0 2
1731252786362 38898.0 2
1731252786393 39076.0 2
1731252786434 39258.0 2
1731252786466 39442.0 2
1731252786507 39622.0 2
1731252786536 39809.0 2
1731252786576 39991.0 2
1731252786606 40176.0 2
1731252786637 40358.0 2
1731252786681 40539.0 2
1731252786719 40721.0 2
1731252786749 40901.0 2
1731252786782 41078.0 2
1731252786810 41262.0 2
1731252786848 41444.0 2
1731252786883 41628.0 2
1731252786931 41812.0 2
1731252786980 41991.0 2
1731252787033 42171.0 2
1731252787092 42358.0 2
1731252787123 42541.0 2
1731252787155 42720.0 2
1731252787184 42899.0 2
1731252787216 43074.0 2
1731252787264 43251.0 2
1731252787296 43429.0 2
1731252787338 43613.0 2
1731252787369 43787.0 2
1731252787403 43967.0 2
1731252787451 44153.0 2
1731252787483 44332.0 2
1731252787520 44516.0 2
1731252787556 44706.0 2
1731252787593 44892.0 2
1731252787625 45073.0 2
1731252787670 45251.0 2
1731252787701 45436.0 2
1731252787732 45607.0 2
1731252787761 45786.0 2
1731252787795 45969.0 2
1731252787836 46156.0 2
1731252787873 46337.0 2
1731252787906 46518.0 2
1731252787936 46698.0 2
1731252787968 46885.0 2
1731252788020 47071.0 2
1731252788053 47255.0 2
1731252788089 47442.0 2
1731252788121 47624.0 2
1731252788161 47809.0 2
1731252788216 47994.0 2
1731252788259 48172.0 2
1731252788292 48357.0 2
1731252788320 48537.0 2
1731252788349 48713.0 2
1731252788385 48893.0 2
1731252788421 49071.0 2
1731252788465 49243.0 2
1731252788497 49414.0 2
1731252788535 49589.0 2
1731252788570 49769.0 2
1731252788605 49941.0 2
1731252788643 50115.0 2
1731252788677 50300.0 2
1731252788709 50483.0 2
1731252788754 50659.0 2
1731252788794 50839.0 2
1731252788840 51011.0 2
1731252788872 51193.0 2
1731252788937 51364.0 2
1731252788964 51545.0 2
1731252789002 51724.0 2
1731252789034 51909.0 2
1731252789070 52095.0 2
1731252789101 52277.0 2
1731252789148 52457.0 2
1731252789188 52640.0 2
1731252789230 52828.0 2
1731252789286 53011.0 2
1731252789331 53190.0 2
1731252789368 53375.0 2
1731252789430 53557.0 2
1731252789474 53737.0 2
1731252789505 53914.0 2
1731252789546 54098.0 2
1731252789591 54283.0 2
1731252789637 54474.0 2
1731252789683 54653.0 2
1731252789722 54838.0 2
1731252789783 184.0 3
1731252789825 372.0 3
1731252789963 555.0 3
1731252790007 733.0 3
1731252790046 912.0 3
1731252790081 1095.0 3
1731252790145 1277.0 3
1731252790193 1464.0 3
1731252790248 1648.0 3
1731252790293 1835.0 3
1731252790339 2019.0 3
1731252790378 2204.0 3
1731252790414 2383.0 3
1731252790466 2564.0 3
1731252790542 2741.0 3
1731252790593 2920.0 3
1731252790635 3101.0 3
1731252790707 3286.0 3
1731252790747 3468.0 3
1731252790801 3650.0 3
1731252790844 3829.0 3
1731252790874 4003.0 3
1731252790921 4180.0 3
1731252790978 4353.0 3
1731252791050 4529.0 3
1731252791162 4697.0 3
1731252791207 4875.0 3
1731252791256 5066.0 3
1731252791302 5255.0 3
1731252791346 5430.0 3
1731252791399 5602.0 3
1731252791436 5780.0 3
1731252791467 5960.0 3
1731252791505 6147.0 3
1731252791544 6332.0 3
1731252791588 6516.0 3
1731252791638 6690.0 3
1731252791840 6875.0 3
1731252791899 7049.0 3
1731252791947 7230.0 3
1731252791986 7416.0 3
1731252792109 7600.0 3
1731252792188 7783.0 3
1731252792232 7967.0 3
1731252792283 8142.0 3
1731252792319 8327.0 3
1731252792368 8513.0 3
1731252792420 8696.0 3
1731252792527 8877.0 3
1731252792561 9054.0 3
1731252792607 9231.0 3
1731252792654 9412.0 3
1731252792687 9597.0 3
1731252792738 9772.0 3
1731252792768 9950.0 3
1731252792838 10126.0 3
1731252792878 10301.0 3
1731252792931 10469.0 3
1731252793001 10643.0 3
1731252793047 10814.0 3
1731252793084 10987.0 3
1731252793130 11151.0 3
1731252793173 11327.0 3
1731252793223 11504.0 3
1731252793286 11680.0 3
1731252793351 11859.0 3
1731252793394 12042.0 3
1731252793439 12226.0 3
1731252793491 12407.0 3
1731252793614 12592.0 3
1731252793750 12776.0 3
1731252793907 12962.0 3
1731252793967 13148.0 3
1731252794014 13335.0 3
1731252794053 13520.0 3
1731252794100 13705.0 3
1731252794148 13891.0 3
1731252794179 14071.0 3
1731252794210 14249.0 3
1731252794256 14431.0 3
1731252794302 14612.0 3
1731252794421 14784.0 3
1731252794462 14968.0 3
1731252794497 15145.0 3
1731252794526 15326.0 3
1731252794554 15510.0 3
1731252794582 15688.0 3
1731252794610 15863.0 3
1731252794653 16044.0 3
1731252794681 16219.0 3
1731252794711 16397.0 3
1731252794747 16581.0 3
1731252794777 16769.0 3
1731252794822 16953.0 3
1731252794855 17131.0 3
1731252794883 17313.0 3
1731252794921 17501.0 3
1731252794953 17684.0 3
1731252794987 17861.0 3
1731252795052 18042.0 3
1731252795086 18220.0 3
1731252795126 18399.0 3
1731252795279 18586.0 3
1731252795405 18762.0 3
1731252795441 18947.0 3
1731252795478 19137.0 3
1731252795517 19325.0 3
1731252795558 19508.0 3
1731252795606 19693.0 3
1731252795641 19869.0 3
1731252795674 20044.0 3
1731252795754 20227.0 3
1731252795824 20414.0 3
1731252795980 20594.0 3
1731252796042 20778.0 3
1731252796121 20961.0 3
1731252796208 21146.0 3
1731252796416 21322.0 3
1731252796612 21500.0 3
1731252796671 21683.0 3
1731252796738 21864.0 3
1731252796949 22053.0 3
1731252796993 22238.0 3
1731252797035 22416.0 3
1731252797083 22598.0 3
1731252797134 22776.0 3
1731252797183 22955.0 3
1731252797235 23130.0 3
1731252797278 23310.0 3
1731252797322 23483.0 3
1731252797359 23662.0 3
1731252797390 23845.0 3
1731252797433 24032.0 3
1731252797487 24209.0 3
1731252797530 24387.0 3
1731252797567 24571.0 3
1731252797622 24756.0 3
1731252797675 24927.0 3
1731252797733 25101.0 3
1731252797773 25276.0 3
1731252797819 25454.0 3
1731252797866 25632.0 3
1731252797967 25807.0 3
1731252798022 25983.0 3
1731252798051 26173.0 3
1731252798081 26348.0 3
1731252798119 26527.0 3
1731252798158 26705.0 3
1731252798211 26889.0 3
1731252798262 27069.0 3
1731252798292 27247.0 3
1731252798329 27431.0 3
1731252798362 27615.0 3
1731252798416 27794.0 3
1731252798464 27974.0 3
1731252798505 28144.0 3
1731252798538 28327.0 3
1731252798580 28507.0 3
1731252798619 28685.0 3
1731252798663 28870.0 3
1731252798706 29045.0 3
1731252798754 29217.0 3
1731252798787 29402.0 3
1731252798838 29583.0 3
1731252798872 29763.0 3
1731252798914 29952.0 3
1731252798947 30142.0 3
1731252798983 30316.0 3
1731252799018 30494.0 3
1731252799059 30671.0 3
1731252799101 30851.0 3
1731252799140 31039.0 3
1731252799173 31224.0 3
1731252799211 31408.0 3
1731252799287 31593.0 3
1731252799353 31779.0 3
1731252799409 31959.0 3
1731252799464 32136.0 3
1731252799535 32315.0 3
1731252799587 32491.0 3
1731252799635 32672.0 3
1731252799677 32849.0 3
1731252799759 33032.0 3
1731252799801 33208.0 3
1731252799832 33385.0 3
1731252799861 33559.0 3
1731252799892 33731.0 3
1731252799921 33910.0 3
1731252799953 34080.0 3
1731252799996 34254.0 3
1731252800040 34436.0 3
1731252800082 34618.0 3
1731252800121 34793.0 3
1731252800151 34972.0 3
1731252800183 35157.0 3
1731252800218 35343.0 3
1731252800260 35522.0 3
1731252800310 35708.0 3
1731252800349 35885.0 3
1731252800384 36075.0 3
1731252800418 36258.0 3
1731252800455 36434.0 3
1731252800496 36617.0 3
1731252800534 36803.0 3
1731252800753 36982.0 3
1731252800793 37153.0 3
1731252800841 37326.0 3
1731252800887 37502.0 3
1731252800923 37678.0 3
1731252800953 37859.0 3
1731252800989 38036.0 3
1731252801027 38213.0 3
1731252801066 38395.0 3
1731252801127 38575.0 3
1731252801224 38750.0 3
1731252801259 38925.0 3
1731252801293 39111.0 3
1731252801339 39290.0 3
1731252801400 39470.0 3
1731252801443 39644.0 3
1731252801495 39827.0 3
1731252801543 40004.0 3
1731252801601 40187.0 3
1731252801650 40369.0 3
1731252801680 40555.0 3
1731252801722 40733.0 3
1731252801757 40916.0 3
1731252801806 41091.0 3
1731252801908 41277.0 3
1731252801942 41456.0 3
1731252801970 41643.0 3
1731252802003 41824.0 3
1731252802034 42006.0 3
1731252802081 42188.0 3
1731252802120 42375.0 3
1731252802177 42562.0 3
1731252802215 42740.0 3
1731252802258 42915.0 3
1731252802299 43100.0 3
1731252802331 43283.0 3
1731252802375 43469.0 3
1731252802416 43641.0 3
1731252802460 43827.0 3
1731252802501 44003.0 3
1731252802536 44176.0 3
1731252802568 44357.0 3
1731252802607 44528.0 3
1731252802658 44704.0 3
1731252802695 44882.0 3
1731252802733 45063.0 3
1731252802769 45240.0 3
1731252802828 45425.0 3
1731252802881 45607.0 3
1731252802921 45787.0 3
1731252802950 45967.0 3
1731252802979 46144.0 3
1731252803072 46327.0 3
1731252803109 46506.0 3
1731252803150 46689.0 3
1731252803207 46874.0 3
1731252803246 47056.0 3
1731252803296 47246.0 3
1731252803335 47423.0 3
1731252803369 47611.0 3
1731252803414 47801.0 3
1731252803448 47984.0 3
1731252803486 48155.0 3
1731252803515 48334.0 3
1731252803548 48524.0 3
1731252803580 48711.0 3
1731252803613 48895.0 3
1731252803645 49076.0 3
1731252803680 49258.0 3
1731252803723 49438.0 3
1731252803758 49619.0 3
1731252803795 49796.0 3
1731252803839 49979.0 3
1731252803878 50161.0 3
1731252803922 50340.0 3
1731252803962 50520.0 3
1731252804001 50704.0 3
1731252804033 50880.0 3
1731252804063 51065.0 3
1731252804092 51240.0 3
1731252804128 51422.0 3
1731252804199 51600.0 3
1731252804249 51779.0 3
1731252804306 51959.0 3
1731252804364 52142.0 3
1731252804397 52326.0 3
1731252804440 52504.0 3
1731252804471 52686.0 3
1731252804516 52869.0 3
1731252804556 53057.0 3
1731252804586 53240.0 3
1731252804627 53429.0 3
1731252804745 53613.0 3
1731252804914 53787.0 3
1731252804959 53967.0 3
1731252804997 54151.0 3
1731252805067 177.0 4
1731252805106 359.0 4
1731252805143 537.0 4
1731252805205 720.0 4
1731252805236 890.0 4
1731252805280 1071.0 4
1731252805309 1253.0 4
1731252805337 1425.0 4
1731252805372 1605.0 4
1731252805406 1779.0 4
1731252805443 1957.0 4
1731252805477 2134.0 4
1731252805518 2319.0 4
1731252805552 2505.0 4
1731252805598 2682.0 4
1731252805644 2855.0 4
1731252805674 3033.0 4
1731252805702 3215.0 4
1731252805732 3405.0 4
1731252805764 3585.0 4
1731252805795 3763.0 4
1731252805832 3941.0 4
1731252805866 4118.0 4
1731252805895 4302.0 4
1731252805929 4491.0 4
1731252805960 4674.0 4
1731252805995 4860.0 4
1731252806023 5041.0 4
1731252806063 5228.0 4
1731252806099 5407.0 4
1731252806129 5584.0 4
1731252806164 5770.0 4
1731252806196 5938.0 4
1731252806254 6117.0 4
1731252806332 6301.0 4
1731252806376 6471.0 4
1731252806421 6636.0 4
1731252806466 6807.0 4
1731252806497 6981.0 4
1731252806528 7161.0 4
1731252806573 7339.0 4
1731252806630 7513.0 4
1731252806682 7689.0 4
1731252806715 7867.0 4
1731252806763 8035.0 4
1731252806803 8212.0 4
1731252806838 8386.0 4
1731252806869 8561.0 4
1731252806901 8728.0 4
1731252806935 8902.0 4
1731252806979 9069.0 4
1731252807031 9243.0 4
1731252807060 9411.0 4
1731252807089 9589.0 4
1731252807123 9773.0 4
1731252807154 9951.0 4
1731252807208 10136.0 4
1731252807250 10320.0 4
1731252807278 10494.0 4
1731252807306 10682.0 4
1731252807336 10865.0 4
1731252807371 11046.0 4
1731252807418 11223.0 4
1731252807450 11395.0 4
1731252807484 11572.0 4
1731252807522 11750.0 4
1731252807556 11934.0 4
1731252807604 12113.0 4
1731252807645 12282.0 4
1731252807684 12464.0 4
1731252807731 12648.0 4
1731252807775 12832.0 4
1731252807812 13017.0 4
1731252807848 13200.0 4
1731252807879 13379.0 4
1731252807930 13564.0 4
1731252807961 13746.0 4
1731252807993 13930.0 4
1731252808028 14116.0 4
1731252808067 14290.0 4
1731252808100 14476.0 4
1731252808138 14651.0 4
1731252808177 14835.0 4
1731252808217 15009.0 4
1731252808259 15184.0 4
1731252808300 15361.0 4
1731252808330 15531.0 4
1731252808368 15705.0 4
1731252808398 15882.0 4
1731252808443 16048.0 4
1731252808476 16221.0 4
1731252808507 16390.0 4
1731252808536 16558.0 4
1731252808564 16735.0 4
1731252808604 16906.0 4
1731252808639 17074.0 4
1731252808671 17237.0 4
1731252808700 17416.0 4
1731252808737 17598.0 4
1731252808768 17782.0 4
1731252808807 17965.0 4
1731252808840 18146.0 4
1731252808881 18326.0 4
1731252808923 18504.0 4
1731252808959 18687.0 4
1731252808994 18866.0 4
1731252809025 19044.0 4
1731252809053 19233.0 4
1731252809087 19414.0 4
1731252809123 19602.0 4
1731252809152 19779.0 4
1731252809184 19966.0 4
1731252809215 20145.0 4
1731252809251 20326.0 4
1731252809294 20510.0 4
1731252809336 20685.0 4
1731252809378 20867.0 4
1731252809416 21046.0 4
1731252809465 21233.0 4
1731252809508 21417.0 4
1731252809535 21598.0 4
1731252809571 21778.0 4
1731252809600 21963.0 4
1731252809630 22143.0 4
1731252809666 22327.0 4
1731252809713 22510.0 4
1731252809743 22693.0 4
1731252809777 22871.0 4
1731252809817 23051.0 4
1731252809914 23229.0 4
1731252809954 23408.0 4
1731252809986 23590.0 4
1731252810021 23767.0 4
1731252810059 23950.0 4
1731252810108 24125.0 4
1731252810150 24303.0 4
1731252810200 24480.0 4
1731252810247 24657.0 4
1731252810279 24832.0 4
1731252810329 25005.0 4
1731252810372 25182.0 4
1731252810407 25352.0 4
1731252810453 25528.0 4
1731252810496 25707.0 4
1731252810532 25882.0 4
1731252810561 26066.0 4
1731252810596 26249.0 4
1731252810625 26432.0 4
1731252810653 26612.0 4
1731252810686 26795.0 4
1731252810723 26980.0 4
1731252810752 27159.0 4
1731252810779 27350.0 4
1731252810807 27533.0 4
1731252810836 27712.0 4
1731252810863 27890.0 4
1731252810899 28080.0 4
1731252810935 28261.0 4
1731252810966 28442.0 4
1731252811004 28628.0 4
1731252811044 28809.0 4
1731252811096 28993.0 4
1731252811134 29172.0 4
1731252811163 29346.0 4
1731252811191 29525.0 4
1731252811221 29702.0 4
1731252811252 29879.0 4
1731252811280 30052.0 4
1731252811307 30232.0 4
1731252811339 30414.0 4
1731252811382 30591.0 4
1731252811417 30770.0 4
1731252811447 30950.0 4
1731252811484 31129.0 4
1731252811522 31304.0 4
1731252811556 31471.0 4
1731252811596 31648.0 4
1731252811636 31825.0 4
1731252811676 32006.0 4
1731252811715 32182.0 4
1731252811752 32362.0 4
1731252811796 32546.0 4
1731252811831 32727.0 4
1731252811861 32905.0 4
1731252811892 33091.0 4
1731252811922 33273.0 4
1731252811957 33456.0 4
1731252811997 33643.0 4
1731252812036 33827.0 4
1731252812077 34012.0 4
1731252812107 34193.0 4
1731252812145 34378.0 4
1731252812179 34562.0 4
1731252812209 34743.0 4
1731252812252 34919.0 4
1731252812280 35097.0 4
1731252812315 35272.0 4
1731252812346 35445.0 4
1731252812376 35615.0 4
1731252812412 35792.0 4
1731252812445 35969.0 4
1731252812491 36150.0 4
1731252812532 36330.0 4
1731252812572 36513.0 4
1731252812649 36694.0 4
1731252812682 36874.0 4
1731252812720 37059.0 4
1731252812763 37239.0 4
1731252812794 37430.0 4
1731252812840 37613.0 4
1731252812876 37801.0 4
1731252812917 37987.0 4
1731252812962 38172.0 4
1731252812993 38353.0 4
1731252813025 38531.0 4
1731252813053 38722.0 4
1731252813082 38906.0 4
1731252813110 39091.0 4
1731252813145 39274.0 4
1731252813192 39464.0 4
1731252813232 39647.0 4
1731252813277 39834.0 4
1731252813324 40019.0 4
1731252813370 40204.0 4
1731252813445 40382.0 4
1731252813484 40568.0 4
1731252813530 40750.0 4
1731252813586 40935.0 4
1731252813634 41120.0 4
1731252813683 41303.0 4
1731252813729 41483.0 4
1731252813771 41666.0 4
1731252813814 41850.0 4
1731252813852 42033.0 4
1731252813885 42221.0 4
1731252813994 42404.0 4
1731252814091 42589.0 4
1731252814130 42772.0 4
1731252814170 42957.0 4
1731252814220 43142.0 4
1731252814384 43320.0 4
1731252814454 43506.0 4
1731252814506 43687.0 4
1731252814593 43868.0 4
1731252814660 44051.0 4
1731252814713 44232.0 4
1731252814785 44411.0 4
1731252814866 44601.0 4
1731252814918 44785.0 4
1731252814973 44968.0 4
1731252815026 45152.0 4
1731252815075 45330.0 4
1731252815116 45515.0 4
1731252815190 45699.0 4
1731252815274 45887.0 4
1731252815313 46077.0 4
1731252815344 46264.0 4
1731252815372 46454.0 4
1731252815410 46631.0 4
1731252815492 46813.0 4
1731252815540 46996.0 4
1731252815604 47180.0 4
1731252815635 47359.0 4
1731252815673 47540.0 4
1731252815717 47723.0 4
1731252815749 47906.0 4
1731252815780 48089.0 4
1731252815815 48268.0 4
1731252815847 48454.0 4
1731252815887 48633.0 4
1731252815922 48813.0 4
1731252815965 48988.0 4
1731252816013 49170.0 4
1731252816044 49349.0 4
1731252816101 49527.0 4
1731252816139 49715.0 4
1731252816176 49900.0 4
1731252816245 50084.0 4
1731252816318 50268.0 4
1731252816377 50443.0 4
1731252816425 50635.0 4
1731252816460 50812.0 4
1731252816490 50982.0 4
1731252816539 51162.0 4
1731252816570 51346.0 4
1731252816611 51519.0 4
1731252816653 51700.0 4
1731252816695 51872.0 4
1731252816728 52051.0 4
1731252816761 52234.0 4
1731252816796 52419.0 4
1731252816837 52599.0 4
1731252816885 52776.0 4
1731252816941 52957.0 4
1731252816984 53137.0 4
1731252817041 53326.0 4
1731252817086 53513.0 4
1731252817150 53695.0 4
1731252817216 53881.0 4
1731252817274 54059.0 4
1731252817331 183.0 5
1731252817363 357.0 5
1731252817399 536.0 5
1731252817438 714.0 5
1731252817475 897.0 5
1731252817510 1074.0 5
1731252817546 1251.0 5
1731252817575 1431.0 5
1731252817605 1610.0 5
1731252817638 1796.0 5
1731252817674 1978.0 5
1731252817724 2151.0 5
1731252817772 2323.0 5
1731252817823 2497.0 5
1731252817864 2669.0 5
1731252817913 2839.0 5
1731252817951 3009.0 5
1731252817996 3182.0 5
1731252818026 3363.0 5
1731252818056 3537.0 5
1731252818087 3718.0 5
1731252818116 3895.0 5
1731252818149 4068.0 5
1731252818182 4250.0 5
1731252818282 4426.0 5
1731252818312 4602.0 5
1731252818367 4783.0 5
1731252818412 4956.0 5
1731252818448 5139.0 5
1731252818503 5319.0 5
1731252818572 5500.0 5
1731252818614 5676.0 5
1731252818659 5857.0 5
1731252818814 6036.0 5
1731252818856 6216.0 5
1731252818890 6398.0 5
1731252818966 6586.0 5
1731252819057 6766.0 5
1731252819119 6946.0 5
1731252819174 7134.0 5
1731252819222 7319.0 5
1731252819257 7498.0 5
1731252819291 7686.0 5
1731252819330 7871.0 5
1731252819367 8054.0 5
1731252819416 8233.0 5
1731252819457 8421.0 5
1731252819502 8597.0 5
1731252819563 8772.0 5
1731252819611 8945.0 5
1731252819668 9115.0 5
1731252819712 9296.0 5
1731252819751 9471.0 5
1731252819792 9646.0 5
1731252819839 9822.0 5
1731252819872 9994.0 5
1731252819904 10171.0 5
1731252819947 10344.0 5
1731252819976 10525.0 5
1731252820008 10706.0 5
1731252820060 10884.0 5
1731252820109 11065.0 5
1731252820152 11243.0 5
1731252820187 11416.0 5
1731252820222 11598.0 5
1731252820258 11772.0 5
1731252820322 11947.0 5
1731252820372 12125.0 5
1731252820416 12300.0 5
1731252820456 12483.0 5
1731252820491 12657.0 5
1731252820535 12834.0 5
1731252820589 13011.0 5
1731252820639 13183.0 5
1731252820686 13350.0 5
1731252820728 13513.0 5
1731252820761 13684.0 5
1731252820795 13850.0 5
1731252820824 14013.0 5
1731252820853 14187.0 5
1731252820883 14350.0 5
1731252820911 14520.0 5
1731252820946 14685.0 5
1731252820989 14854.0 5
1731252821023 15025.0 5
1731252821106 15200.0 5
1731252821137 15373.0 5
1731252821164 15549.0 5
1731252821192 15713.0 5
1731252821241 15892.0 5
1731252821270 16064.0 5
1731252821308 16237.0 5
1731252821341 16409.0 5
1731252821375 16580.0 5
1731252821406 16758.0 5
1731252821452 16932.0 5
1731252821491 17103.0 5
1731252821528 17286.0 5
1731252821578 17461.0 5
1731252821616 17639.0 5
1731252821666 17801.0 5
1731252821704 17968.0 5
1731252821735 18137.0 5
1731252821771 18321.0 5
1731252821815 18496.0 5
1731252821851 18670.0 5
1731252821897 18849.0 5
1731252821932 19018.0 5
1731252821968 19195.0 5
1731252822008 19376.0 5
1731252822051 19554.0 5
1731252822085 19717.0 5
1731252822113 19890.0 5
1731252822148 20065.0 5
1731252822183 20242.0 5
1731252822216 20411.0 5
1731252822254 20589.0 5
1731252822301 20772.0 5
1731252822363 20941.0 5
1731252822408 21122.0 5
1731252822448 21305.0 5
1731252822481 21477.0 5
1731252822523 21656.0 5
1731252822572 21837.0 5
1731252822625 22023.0 5
1731252822662 22201.0 5
1731252822700 22380.0 5
1731252822730 22565.0 5
1731252822759 22743.0 5
1731252822802 22928.0 5
1731252822838 23111.0 5
1731252822871 23292.0 5
1731252822907 23476.0 5
1731252822936 23655.0 5
1731252822966 23835.0 5
1731252822995 24014.0 5
1731252823038 24193.0 5
1731252823073 24373.0 5
1731252823118 24553.0 5
1731252823156 24740.0 5
1731252823199 24926.0 5
1731252823242 25105.0 5
1731252823294 25287.0 5
1731252823335 25472.0 5
1731252823371 25650.0 5
1731252823407 25829.0 5
1731252823445 26010.0 5
1731252823478 26191.0 5
1731252823514 26373.0 5
1731252823548 26543.0 5
1731252823585 26716.0 5
1731252823613 26894.0 5
1731252823645 27075.0 5
1731252823747 27256.0 5
1731252823797 27440.0 5
1731252823871 27624.0 5
1731252823911 27805.0 5
1731252823941 27986.0 5
1731252823993 28166.0 5
1731252824037 28352.0 5
1731252824136 28531.0 5
1731252824172 28717.0 5
1731252824205 28891.0 5
1731252824309 29080.0 5
1731252824351 29263.0 5
1731252824393 29451.0 5
1731252824429 29633.0 5
1731252824465 29815.0 5
1731252824504 29997.0 5
1731252824542 30180.0 5
1731252824574 30364.0 5
1731252824610 30551.0 5
1731252824647 30736.0 5
1731252824679 30919.0 5
1731252824714 31098.0 5
1731252824749 31273.0 5
1731252824795 31456.0 5
1731252824847 31639.0 5
1731252824907 31811.0 5
1731252824953 31992.0 5
1731252825021 32167.0 5
1731252825050 32343.0 5
1731252825082 32523.0 5
1731252825114 32704.0 5
1731252825148 32883.0 5
1731252825220 33062.0 5
1731252825256 33244.0 5
1731252825292 33426.0 5
1731252825326 33610.0 5
1731252825370 33795.0 5
1731252825413 33973.0 5
1731252825453 34159.0 5
1731252825489 34345.0 5
1731252825529 34527.0 5
1731252825591 34709.0 5
1731252825654 34888.0 5
1731252825707 35062.0 5
1731252825748 35248.0 5
1731252825793 35428.0 5
1731252825843 35610.0 5
1731252825879 35790.0 5
1731252825912 35974.0 5
1731252825948 36162.0 5
1731252825993 36341.0 5
1731252826031 36525.0 5
1731252826083 36704.0 5
1731252826136 36889.0 5
1731252826184 37073.0 5
1731252826219 37250.0 5
1731252826256 37429.0 5
1731252826292 37605.0 5
1731252826330 37783.0 5
1731252826361 37960.0 5
1731252826397 38142.0 5
1731252826436 38315.0 5
1731252826476 38495.0 5
1731252826513 38678.0 5
1731252826544 38859.0 5
1731252826582 39033.0 5
1731252826614 39207.0 5
1731252826652 39386.0 5
1731252826704 39567.0 5
1731252826746 39744.0 5
1731252826783 39921.0 5
1731252826821 40105.0 5
1731252826862 40282.0 5
1731252826898 40459.0 5
1731252826943 40634.0 5
1731252826982 40814.0 5
1731252827015 40988.0 5
1731252827044 41169.0 5
1731252827074 41354.0 5
1731252827104 41540.0 5
1731252827140 41724.0 5
1731252827193 41905.0 5
1731252827229 42092.0 5
1731252827279 42268.0 5
1731252827314 42449.0 5
1731252827362 42637.0 5
1731252827412 42819.0 5
1731252827450 42995.0 5
1731252827488 43174.0 5
1731252827527 43358.0 5
1731252827560 43546.0 5
1731252827592 43730.0 5
1731252827666 43911.0 5
1731252827701 44092.0 5
1731252827731 44279.0 5
1731252827762 44471.0 5
1731252827801 44660.0 5
1731252827843 44843.0 5
1731252827878 45030.0 5
1731252827907 45217.0 5
1731252827937 45400.0 5
1731252827966 45588.0 5
1731252828000 45776.0 5
1731252828055 45963.0 5
1731252828090 46145.0 5
1731252828133 46337.0 5
1731252828165 46522.0 5
1731252828195 46702.0 5
1731252828237 46887.0 5
1731252828267 47079.0 5
1731252828307 47262.0 5
1731252828346 47447.0 5
1731252828379 47640.0 5
1731252828413 47824.0 5
1731252828442 48007.0 5
1731252828474 48191.0 5
1731252828504 48378.0 5
1731252828551 48558.0 5
1731252828587 48742.0 5
1731252828626 48928.0 5
1731252828663 49116.0 5
1731252828710 49298.0 5
1731252828746 49475.0 5
1731252828782 49663.0 5
1731252828816 49849.0 5
1731252828848 50037.0 5
1731252828884 50218.0 5
1731252828925 50399.0 5
1731252828953 50583.0 5
1731252828992 50765.0 5
1731252829023 50947.0 5
1731252829057 51136.0 5
1731252829101 51317.0 5
1731252829140 51498.0 5
1731252829183 51680.0 5
1731252829222 51864.0 5
1731252829288 52044.0 5
1731252829324 52224.0 5
1731252829360 52393.0 5
1731252829403 52579.0 5
1731252829446 52762.0 5
1731252829480 52940.0 5
1731252829519 53117.0 5
1731252829552 53292.0 5
1731252829590 53471.0 5
1731252829628 53644.0 5
1731252829665 53822.0 5
1731252829743 170.0 6
1731252829800 347.0 6
1731252829846 521.0 6
1731252829890 692.0 6
1731252829969 867.0 6
1731252830035 1048.0 6
1731252830088 1220.0 6
1731252830122 1397.0 6
1731252830156 1577.0 6
1731252830200 1757.0 6
1731252830243 1929.0 6
1731252830288 2112.0 6
1731252830342 2296.0 6
1731252830398 2480.0 6
1731252830453 2666.0 6
1731252830500 2849.0 6
1731252830532 3030.0 6
1731252830573 3216.0 6
1731252830626 3407.0 6
1731252830669 3595.0 6
1731252830711 3781.0 6
1731252830763 3968.0 6
1731252830805 4148.0 6
1731252830834 4334.0 6
1731252830864 4513.0 6
1731252830898 4699.0 6
1731252830990 4890.0 6
1731252831043 5071.0 6
1731252831092 5254.0 6
1731252831145 5427.0 6
1731252831210 5607.0 6
1731252831259 5782.0 6
1731252831317 5965.0 6
1731252831394 6139.0 6
1731252831450 6321.0 6
1731252831524 6499.0 6
1731252831596 6669.0 6
1731252831648 6841.0 6
1731252831681 7014.0 6
1731252831716 7195.0 6
1731252831752 7368.0 6
1731252831800 7547.0 6
1731252831831 7725.0 6
1731252831863 7905.0 6
1731252831900 8091.0 6
1731252831942 8272.0 6
1731252831980 8451.0 6
1731252832015 8634.0 6
1731252832061 8818.0 6
1731252832111 9000.0 6
1731252832157 9180.0 6
1731252832188 9361.0 6
1731252832219 9546.0 6
1731252832249 9728.0 6
1731252832293 9917.0 6
1731252832341 10102.0 6
1731252832379 10285.0 6
1731252832418 10461.0 6
1731252832459 10642.0 6
1731252832497 10820.0 6
1731252832535 10993.0 6
1731252832570 11175.0 6
1731252832605 11353.0 6
1731252832639 11523.0 6
1731252832684 11701.0 6
1731252832737 11874.0 6
1731252832792 12049.0 6
1731252832835 12227.0 6
1731252832871 12411.0 6
1731252832907 12589.0 6
1731252832941 12774.0 6
1731252832986 12959.0 6
1731252833024 13141.0 6
1731252833056 13322.0 6
1731252833084 13503.0 6
1731252833111 13687.0 6
1731252833140 13871.0 6
1731252833173 14050.0 6
1731252833218 14227.0 6
1731252833253 14412.0 6
1731252833294 14601.0 6
1731252833332 14779.0 6
1731252833366 14959.0 6
1731252833405 15141.0 6
1731252833435 15318.0 6
1731252833474 15500.0 6
1731252833509 15677.0 6
1731252833541 15854.0 6
1731252833575 16041.0 6
1731252833621 16218.0 6
1731252833675 16406.0 6
1731252833711 16590.0 6
1731252833746 16779.0 6
1731252833794 16969.0 6
1731252833836 17153.0 6
1731252833882 17336.0 6
1731252833919 17519.0 6
1731252833965 17679.0 6
1731252834008 17862.0 6
1731252834055 18038.0 6
1731252834096 18209.0 6
1731252834134 18384.0 6
1731252834175 18559.0 6
1731252834230 18733.0 6
1731252834295 18911.0 6
1731252834340 19090.0 6
1731252834376 19264.0 6
1731252834406 19439.0 6
1731252834439 19623.0 6
1731252834485 19806.0 6
1731252834524 19989.0 6
1731252834577 20169.0 6
1731252834641 20358.0 6
1731252834683 20534.0 6
1731252834805 20719.0 6
1731252834864 20902.0 6
1731252834923 21086.0 6
1731252834980 21269.0 6
1731252835046 21452.0 6
1731252835154 21637.0 6
1731252835218 21822.0 6
1731252835268 22011.0 6
1731252835308 22191.0 6
1731252835346 22377.0 6
1731252835383 22562.0 6
1731252835420 22746.0 6
1731252835459 22928.0 6
1731252835499 23117.0 6
1731252835569 23300.0 6
1731252835609 23491.0 6
1731252835643 23678.0 6
1731252835679 23861.0 6
1731252835726 24047.0 6
1731252835771 24238.0 6
1731252835806 24432.0 6
1731252835855 24618.0 6
1731252835894 24806.0 6
1731252835931 24988.0 6
1731252835961 25173.0 6
1731252836010 25357.0 6
1731252836048 25542.0 6
1731252836090 25726.0 6
1731252836132 25918.0 6
1731252836176 26115.0 6
1731252836212 26302.0 6
1731252836253 26494.0 6
1731252836295 26683.0 6
1731252836343 26870.0 6
1731252836393 27057.0 6
1731252836449 27241.0 6
1731252836515 27429.0 6
1731252836558 27621.0 6
1731252836622 27801.0 6
1731252836675 27984.0 6
1731252836709 28174.0 6
1731252836747 28363.0 6
1731252836789 28550.0 6
1731252836828 28739.0 6
1731252836870 28922.0 6
1731252836907 29106.0 6
1731252836940 29296.0 6
1731252836975 29475.0 6
1731252837013 29655.0 6
1731252837060 29833.0 6
1731252837104 30017.0 6
1731252837159 30196.0 6
1731252837213 30381.0 6
1731252837269 30555.0 6
1731252837315 30734.0 6
1731252837349 30911.0 6
1731252837379 31095.0 6
1731252837410 31270.0 6
1731252837440 31453.0 6
1731252837486 31635.0 6
1731252837521 31808.0 6
1731252837584 31992.0 6
1731252837632 32169.0 6
1731252837684 32347.0 6
1731252837729 32522.0 6
1731252837764 32706.0 6
1731252837808 32895.0 6
1731252837925 33079.0 6
1731252837959 33268.0 6
1731252837991 33449.0 6
1731252838019 33634.0 6
1731252838063 33820.0 6
1731252838113 34009.0 6
1731252838147 34190.0 6
1731252838185 34372.0 6
1731252838219 34558.0 6
1731252838263 34736.0 6
1731252838300 34912.0 6
1731252838329 35095.0 6
1731252838358 35275.0 6
1731252838388 35459.0 6
1731252838426 35642.0 6
1731252838458 35823.0 6
1731252838492 36002.0 6
1731252838525 36190.0 6
1731252838589 36372.0 6
1731252838647 36557.0 6
1731252838689 36738.0 6
1731252838738 36921.0 6
1731252838797 37103.0 6
1731252838865 37287.0 6
1731252838903 37472.0 6
1731252838932 37647.0 6
1731252838977 37830.0 6
1731252839006 38015.0 6
1731252839045 38198.0 6
1731252839083 38375.0 6
1731252839123 38559.0 6
1731252839165 38739.0 6
1731252839210 38925.0 6
1731252839256 39104.0 6
1731252839328 39283.0 6
1731252839368 39466.0 6
1731252839405 39641.0 6
1731252839449 39835.0 6
1731252839479 40021.0 6
1731252839516 40210.0 6
1731252839547 40393.0 6
1731252839580 40581.0 6
1731252839614 40761.0 6
1731252839654 40941.0 6
1731252839696 41124.0 6
1731252839740 41313.0 6
1731252839784 41498.0 6
1731252839813 41683.0 6
1731252839855 41867.0 6
1731252839891 42050.0 6
1731252839930 42236.0 6
1731252839980 42418.0 6
1731252840072 42599.0 6
1731252840116 42789.0 6
1731252840165 42968.0 6
1731252840211 43159.0 6
1731252840260 43345.0 6
1731252840307 43527.0 6
1731252840414 43713.0 6
1731252840452 43899.0 6
1731252840501 44086.0 6
1731252840535 44274.0 6
1731252840568 44461.0 6
1731252840601 44650.0 6
1731252840650 44839.0 6
1731252840700 45022.0 6
1731252840743 45210.0 6
1731252840786 45392.0 6
1731252840823 45578.0 6
1731252840889 45766.0 6
1731252840943 45952.0 6
1731252841002 46133.0 6
1731252841055 46319.0 6
1731252841086 46503.0 6
1731252841117 46688.0 6
1731252841151 46875.0 6
1731252841199 47057.0 6
1731252841240 47241.0 6
1731252841289 47423.0 6
1731252841323 47600.0 6
1731252841362 47780.0 6
1731252841406 47960.0 6
1731252841447 48142.0 6
1731252841498 48322.0 6
1731252841557 48513.0 6
1731252841614 48701.0 6
1731252841667 48888.0 6
1731252841701 49067.0 6
1731252841734 49244.0 6
1731252841767 49426.0 6
1731252841801 49613.0 6
1731252841842 49793.0 6
1731252841931 49972.0 6
1731252841964 50149.0 6
1731252842006 50332.0 6
1731252842030 50519.0 6
1731252842075 50691.0 6
1731252842109 50874.0 6
1731252842152 51055.0 6
1731252842191 51236.0 6
1731252842243 51417.0 6
1731252842278 51606.0 6
1731252842330 51791.0 6
1731252842370 51970.0 6
1731252842434 52148.0 6
1731252842471 52331.0 6
1731252842517 52520.0 6
1731252842558 52706.0 6
1731252842609 52883.0 6
1731252842656 53068.0 6
1731252842721 53250.0 6
1731252842767 53430.0 6
1731252842808 53614.0 6
1731252842876 53794.0 6
1731252842957 53976.0 6
1731252843006 54158.0 6
1731252843066 54338.0 6
1731252843121 54515.0 6
1731252843161 54694.0 6
1731252843226 176.0 7
1731252843268 351.0 7
1731252843313 537.0 7
1731252843428 725.0 7
1731252843471 901.0 7
1731252843507 1083.0 7
1731252843536 1267.0 7
1731252843578 1447.0 7
1731252843617 1623.0 7
1731252843658 1803.0 7
1731252843692 1979.0 7
1731252843733 2147.0 7
1731252843763 2319.0 7
1731252843799 2497.0 7
1731252843833 2679.0 7
1731252843861 2852.0 7
1731252843890 3031.0 7
1731252843921 3214.0 7
1731252843955 3392.0 7
1731252843984 3570.0 7
1731252844013 3739.0 7
1731252844042 3913.0 7
1731252844070 4082.0 7
1731252844100 4254.0 7
1731252844133 4428.0 7
1731252844164 4595.0 7
1731252844199 4777.0 7
1731252844247 4951.0 7
1731252844289 5126.0 7
1731252844318 5298.0 7
1731252844351 5467.0 7
1731252844383 5641.0 7
1731252844413 5810.0 7
1731252844456 5979.0 7
1731252844497 6149.0 7
1731252844545 6326.0 7
1731252844590 6502.0 7
1731252844674 6673.0 7
1731252844704 6846.0 7
1731252844731 7030.0 7
1731252844759 7198.0 7
1731252844790 7371.0 7
1731252844830 7547.0 7
1731252844871 7722.0 7
1731252844914 7895.0 7
1731252844970 8070.0 7
1731252845026 8251.0 7
1731252845070 8422.0 7
1731252845123 8602.0 7
1731252845186 8777.0 7
1731252845226 8953.0 7
1731252845278 9138.0 7
1731252845348 9322.0 7
1731252845407 9499.0 7
1731252845457 9681.0 7
1731252845493 9858.0 7
1731252845525 10035.0 7
1731252845579 10212.0 7
1731252845695 10394.0 7
1731252845743 10575.0 7
1731252845783 10747.0 7
1731252845823 10930.0 7
1731252845859 11106.0 7
1731252845902 11274.0 7
1731252845937 11456.0 7
1731252845968 11633.0 7
1731252845999 11806.0 7
1731252846030 11986.0 7
1731252846080 12158.0 7
1731252846131 12329.0 7
1731252846182 12506.0 7
1731252846239 12684.0 7
1731252846281 12863.0 7
1731252846314 13041.0 7
1731252846347 13225.0 7
1731252846388 13404.0 7
1731252846430 13577.0 7
1731252846475 13753.0 7
1731252846518 13933.0 7
1731252846555 14111.0 7
1731252846603 14287.0 7
1731252846671 14464.0 7
1731252846743 14638.0 7
1731252846810 14822.0 7
1731252846852 14998.0 7
1731252846893 15182.0 7
1731252846925 15368.0 7
1731252846968 15548.0 7
1731252847014 15734.0 7
1731252847081 15914.0 7
1731252847115 16094.0 7
1731252847168 16275.0 7
1731252847205 16462.0 7
1731252847237 16643.0 7
1731252847268 16828.0 7
1731252847312 17010.0 7
1731252847349 17191.0 7
1731252847385 17372.0 7
1731252847433 17558.0 7
1731252847473 17740.0 7
1731252847510 17924.0 7
1731252847549 18110.0 7
1731252847601 18289.0 7
1731252847636 18480.0 7
1731252847673 18661.0 7
1731252847720 18842.0 7
1731252847758 19018.0 7
1731252847797 19199.0 7
1731252847840 19377.0 7
1731252847878 19555.0 7
1731252847929 19738.0 7
1731252847972 19926.0 7
1731252848024 20102.0 7
1731252848058 20278.0 7
1731252848101 20452.0 7
1731252848139 20625.0 7
1731252848177 20805.0 7
1731252848206 20985.0 7
1731252848238 21169.0 7
1731252848265 21342.0 7
1731252848307 21523.0 7
1731252848344 21700.0 7
1731252848386 21873.0 7
1731252848417 22047.0 7
1731252848463 22221.0 7
1731252848494 22400.0 7
1731252848531 22583.0 7
1731252848566 22756.0 7
1731252848604 22935.0 7
1731252848638 23116.0 7
1731252848673 23293.0 7
1731252848728 23470.0 7
1731252848758 23650.0 7
1731252848792 23828.0 7
1731252848833 24001.0 7
1731252848863 24176.0 7
1731252848893 24359.0 7
1731252848926 24541.0 7
1731252848973 24722.0 7
1731252849006 24902.0 7
1731252849043 25087.0 7
1731252849079 25271.0 7
1731252849120 25450.0 7
1731252849169 25636.0 7
1731252849213 25819.0 7
1731252849255 26003.0 7
1731252849285 26181.0 7
1731252849316 26366.0 7
1731252849350 26542.0 7
1731252849386 26721.0 7
1731252849416 26904.0 7
1731252849446 27087.0 7
1731252849475 27268.0 7
1731252849522 27455.0 7
1731252849557 27633.0 7
1731252849590 27821.0 7
1731252849623 27993.0 7
1731252849667 28167.0 7
1731252849714 28350.0 7
1731252849742 28532.0 7
1731252849777 28708.0 7
1731252849804 28891.0 7
1731252849848 29069.0 7
1731252849876 29246.0 7
1731252849914 29424.0 7
1731252849963 29602.0 7
1731252850004 29779.0 7
1731252850039 29960.0 7
1731252850072 30133.0 7
1731252850101 30312.0 7
1731252850134 30497.0 7
1731252850172 30675.0 7
1731252850205 30842.0 7
1731252850235 31025.0 7
1731252850278 31199.0 7
1731252850310 31371.0 7
1731252850340 31546.0 7
1731252850375 31727.0 7
1731252850411 31893.0 7
1731252850444 32070.0 7
1731252850492 32245.0 7
1731252850551 32424.0 7
1731252850594 32599.0 7
1731252850633 32778.0 7
1731252850673 32953.0 7
1731252850725 33128.0 7
1731252850777 33303.0 7
1731252850847 33482.0 7
1731252850903 33656.0 7
1731252850952 33833.0 7
1731252850996 34014.0 7
1731252851044 34187.0 7
1731252851098 34362.0 7
1731252851219 34541.0 7
1731252851261 34726.0 7
1731252851298 34903.0 7
1731252851355 35072.0 7
1731252851419 35256.0 7
1731252851462 35437.0 7
1731252851509 35614.0 7
1731252851558 35788.0 7
1731252851628 35963.0 7
1731252851680 36144.0 7
1731252851735 36314.0 7
1731252851780 36498.0 7
1731252851838 36671.0 7
1731252851886 36854.0 7
1731252851927 37032.0 7
1731252851966 37210.0 7
1731252851999 37388.0 7
1731252852039 37569.0 7
1731252852083 37750.0 7
1731252852116 37919.0 7
1731252852156 38098.0 7
1731252852195 38263.0 7
1731252852236 38441.0 7
1731252852270 38611.0 7
1731252852307 38789.0 7
1731252852341 38962.0 7
1731252852382 39131.0 7
1731252852420 39303.0 7
1731252852461 39472.0 7
1731252852494 39650.0 7
1731252852538 39828.0 7
1731252852582 39998.0 7
1731252852635 40176.0 7
1731252852689 40342.0 7
1731252852739 40511.0 7
1731252852779 40688.0 7
1731252852813 40853.0 7
1731252852858 41027.0 7
1731252852889 41198.0 7
1731252852922 41375.0 7
1731252853042 41554.0 7
1731252853085 41731.0 7
1731252853145 41913.0 7
1731252853184 42097.0 7
1731252853248 42277.0 7
1731252853298 42460.0 7
1731252853358 42648.0 7
1731252853406 42832.0 7
1731252853441 43018.0 7
1731252853485 43195.0 7
1731252853517 43372.0 7
1731252853556 43556.0 7
1731252853596 43740.0 7
1731252853628 43916.0 7
1731252853678 44103.0 7
1731252853713 44282.0 7
1731252853745 44469.0 7
1731252853778 44652.0 7
1731252853808 44832.0 7
1731252853844 45011.0 7
1731252853876 45186.0 7
1731252853917 45362.0 7
1731252853963 45548.0 7
1731252853997 45736.0 7
1731252854031 45918.0 7
1731252854064 46101.0 7
1731252854097 46279.0 7
1731252854128 46460.0 7
1731252854158 46632.0 7
1731252854190 46816.0 7
1731252854225 46990.0 7
1731252854268 47175.0 7
1731252854297 47350.0 7
1731252854379 47527.0 7
1731252854450 47697.0 7
1731252854550 47872.0 7
1731252854592 48048.0 7
1731252854628 48226.0 7
1731252854670 48399.0 7
1731252854703 48576.0 7
1731252854742 48754.0 7
1731252854788 48935.0 7
1731252854849 49117.0 7
1731252854890 49290.0 7
1731252854919 49476.0 7
1731252854956 49656.0 7
1731252855009 49836.0 7
1731252855049 50025.0 7
1731252855081 50212.0 7
1731252855130 50390.0 7
1731252855161 50576.0 7
1731252855195 50759.0 7
1731252855223 50933.0 7
1731252855270 51111.0 7
1731252855299 51302.0 7
1731252855342 51487.0 7
1731252855390 51668.0 7
1731252855435 51842.0 7
1731252855473 52024.0 7
1731252855511 52194.0 7
1731252855556 52374.0 7
1731252855599 52556.0 7
1731252855640 52737.0 7
1731252855670 52917.0 7
1731252855705 53099.0 7
1731252855736 53277.0 7
1731252855786 53450.0 7
1731252855839 186.0 8
1731252855879 364.0 8
1731252855908 539.0 8
1731252855942 727.0 8
1731252855985 905.0 8
1731252856024 1077.0 8
1731252856095 1252.0 8
1731252856178 1431.0 8
1731252856211 1605.0 8
1731252856245 1782.0 8
1731252856282 1953.0 8
1731252856330 2130.0 8
1731252856375 2311.0 8
1731252856414 2491.0 8
1731252856450 2670.0 8
1731252856501 2845.0 8
1731252856533 3025.0 8
1731252856576 3205.0 8
1731252856620 3386.0 8
1731252856658 3565.0 8
1731252856696 3739.0 8
1731252856734 3921.0 8
1731252856766 4094.0 8
1731252856802 4276.0 8
1731252856842 4451.0 8
1731252856876 4637.0 8
1731252856911 4815.0 8
1731252856943 4990.0 8
1731252856974 5169.0 8
1731252857014 5344.0 8
1731252857061 5516.0 8
1731252857102 5692.0 8
1731252857144 5867.0 8
1731252857212 6049.0 8
1731252857296 6229.0 8
1731252857382 6405.0 8
1731252857475 6580.0 8
1731252857513 6755.0 8
1731252857544 6936.0 8
1731252857572 7110.0 8
1731252857603 7290.0 8
1731252857646 7472.0 8
1731252857692 7644.0 8
1731252857730 7821.0 8
1731252857761 7999.0 8
1731252857800 8179.0 8
1731252857830 8343.0 8
1731252857868 8511.0 8
1731252857899 8683.0 8
1731252857927 8864.0 8
1731252857954 9034.0 8
1731252857988 9203.0 8
1731252858019 9372.0 8
1731252858051 9538.0 8
1731252858099 9709.0 8
1731252858138 9877.0 8
1731252858180 10049.0 8
1731252858210 10217.0 8
1731252858246 10388.0 8
1731252858278 10568.0 8
1731252858328 10740.0 8
1731252858368 10912.0 8
1731252858401 11088.0 8
1731252858441 11256.0 8
1731252858473 11430.0 8
1731252858510 11603.0 8
1731252858541 11783.0 8
1731252858576 11957.0 8
1731252858605 12135.0 8
1731252858640 12313.0 8
1731252858676 12487.0 8
1731252858708 12661.0 8
1731252858742 12840.0 8
1731252858772 13022.0 8
1731252858807 13199.0 8
1731252858835 13375.0 8
1731252858862 13550.0 8
1731252858897 13728.0 8
1731252858926 13912.0 8
1731252858958 14088.0 8
1731252858999 14273.0 8
1731252859046 14455.0 8
1731252859081 14643.0 8
1731252859120 14829.0 8
1731252859152 15011.0 8
1731252859185 15198.0 8
1731252859223 15387.0 8
1731252859255 15570.0 8
1731252859284 15750.0 8
1731252859321 15932.0 8
1731252859355 16119.0 8
1731252859390 16298.0 8
1731252859423 16475.0 8
1731252859453 16652.0 8
1731252859497 16839.0 8
1731252859534 17021.0 8
1731252859576 17201.0 8
1731252859605 17375.0 8
1731252859650 17552.0 8
1731252859681 17731.0 8
1731252859713 17911.0 8
1731252859740 18092.0 8
1731252859770 18262.0 8
1731252859820 18440.0 8
1731252859851 18613.0 8
1731252859886 18796.0 8
1731252859924 18974.0 8
1731252859954 19148.0 8
1731252859982 19320.0 8
1731252860009 19494.0 8
1731252860038 19667.0 8
1731252860068 19831.0 8
1731252860096 20000.0 8
1731252860125 20173.0 8
1731252860170 20348.0 8
1731252860210 20523.0 8
1731252860248 20690.0 8
1731252860284 20867.0 8
1731252860323 21041.0 8
1731252860364 21214.0 8
1731252860412 21394.0 8
1731252860443 21570.0 8
1731252860474 21748.0 8
1731252860508 21922.0 8
1731252860551 22096.0 8
1731252860583 22275.0 8
1731252860611 22454.0 8
1731252860643 22630.0 8
1731252860689 22810.0 8
1731252860727 22987.0 8
1731252860762 23165.0 8
1731252860797 23342.0 8
1731252860844 23526.0 8
1731252860900 23709.0 8
1731252860942 23892.0 8
1731252860983 24079.0 8
1731252861022 24263.0 8
1731252861057 24440.0 8
1731252861103 24622.0 8
1731252861191 24808.0 8
1731252861226 24993.0 8
1731252861258 25170.0 8
1731252861313 25346.0 8
1731252861347 25521.0 8
1731252861380 25700.0 8
1731252861431 25875.0 8
1731252861465 26045.0 8
1731252861500 26221.0 8
1731252861550 26405.0 8
1731252861593 26574.0 8
1731252861625 26759.0 8
1731252861677 26926.0 8
1731252861713 27100.0 8
1731252861751 27271.0 8
1731252861819 27439.0 8
1731252861859 27610.0 8
1731252861907 27784.0 8
1731252861945 27958.0 8
1731252861997 28132.0 8
1731252862037 28306.0 8
1731252862069 28488.0 8
1731252862103 28673.0 8
1731252862134 28853.0 8
1731252862168 29023.0 8
1731252862217 29196.0 8
1731252862262 29372.0 8
1731252862306 29544.0 8
1731252862384 29718.0 8
1731252862465 29907.0 8
1731252862532 30097.0 8
1731252862582 30285.0 8
1731252862631 30471.0 8
1731252862696 30655.0 8
1731252862738 30833.0 8
1731252862840 31011.0 8
1731252863060 31202.0 8
1731252863184 31388.0 8
1731252863231 31575.0 8
1731252863290 31753.0 8
1731252863326 31933.0 8
1731252863372 32123.0 8
1731252863411 32313.0 8
1731252863452 32501.0 8
1731252863485 32684.0 8
1731252863519 32864.0 8
1731252863550 33046.0 8
1731252863583 33226.0 8
1731252863624 33413.0 8
1731252863657 33603.0 8
1731252863689 33786.0 8
1731252863719 33971.0 8
1731252863756 34161.0 8
1731252863793 34347.0 8
1731252863837 34535.0 8
1731252863879 34717.0 8
1731252863912 34901.0 8
1731252863950 35081.0 8
1731252863984 35267.0 8
1731252864015 35451.0 8
1731252864047 35630.0 8
1731252864078 35821.0 8
1731252864109 36010.0 8
1731252864142 36192.0 8
1731252864190 36369.0 8
1731252864235 36550.0 8
1731252864283 36735.0 8
1731252864327 36914.0 8
1731252864358 37102.0 8
1731252864390 37281.0 8
1731252864420 37464.0 8
1731252864455 37631.0 8
1731252864497 37810.0 8
1731252864532 37982.0 8
1731252864563 38164.0 8
1731252864599 38344.0 8
1731252864631 38524.0 8
1731252864726 38706.0 8
1731252864766 38888.0 8
1731252864804 39067.0 8
1731252864840 39247.0 8
1731252864873 39418.0 8
1731252864904 39596.0 8
1731252864940 39773.0 8
1731252864985 39953.0 8
1731252865016 40129.0 8
1731252865055 40304.0 8
1731252865087 40485.0 8
1731252865121 40666.0 8
1731252865163 40841.0 8
1731252865194 41015.0 8
1731252865250 41193.0 8
1731252865291 41367.0 8
1731252865339 41543.0 8
1731252865379 41724.0 8
1731252865424 41897.0 8
1731252865470 42078.0 8
1731252865520 42260.0 8
1731252865559 42436.0 8
1731252865608 42615.0 8
1731252865654 42793.0 8
1731252865698 42973.0 8
1731252865767 43154.0 8
1731252865816 43321.0 8
1731252865874 43496.0 8
1731252865925 43665.0 8
1731252865971 43845.0 8
1731252866005 44018.0 8
1731252866045 44186.0 8
1731252866085 44356.0 8
1731252866123 44532.0 8
1731252866155 44710.0 8
1731252866190 44884.0 8
1731252866221 45058.0 8
1731252866251 45237.0 8
1731252866280 45411.0 8
1731252866322 45591.0 8
1731252866367 45768.0 8
1731252866430 45942.0 8
1731252866575 46116.0 8
1731252866632 46285.0 8
1731252866697 46462.0 8
1731252866749 46638.0 8
1731252866801 46813.0 8
1731252866847 46995.0 8
1731252866890 47171.0 8
1731252866925 47356.0 8
1731252866969 47534.0 8
1731252867010 47713.0 8
1731252867059 47893.0 8
1731252867104 48056.0 8
1731252867145 48232.0 8
1731252867178 48414.0 8
1731252867220 48594.0 8
1731252867271 48782.0 8
1731252867313 48967.0 8
1731252867353 49152.0 8
1731252867389 49332.0 8
1731252867426 49508.0 8
1731252867464 49690.0 8
1731252867500 49867.0 8
1731252867531 50052.0 8
1731252867566 50238.0 8
1731252867606 50421.0 8
1731252867647 50614.0 8
1731252867680 50796.0 8
1731252867725 50985.0 8
1731252867767 51161.0 8
1731252867878 51352.0 8
1731252867966 51538.0 8
1731252867997 51722.0 8
1731252868030 51909.0 8
1731252868064 52094.0 8
1731252868121 52278.0 8
1731252868152 52464.0 8
1731252868194 52646.0 8
1731252868228 52824.0 8
1731252868265 53005.0 8
1731252868299 53192.0 8
1731252868339 53378.0 8
1731252868372 53558.0 8
1731252868440 180.0 9
1731252868480 366.0 9
1731252868509 552.0 9
1731252868542 738.0 9
1731252868574 919.0 9
1731252868613 1094.0 9
1731252868699 1279.0 9
1731252868739 1457.0 9
1731252868780 1642.0 9
1731252868818 1812.0 9
1731252868856 2000.0 9
1731252868896 2184.0 9
1731252868943 2373.0 9
1731252868983 2556.0 9
1731252869016 2740.0 9
1731252869050 2917.0 9
1731252869107 3109.0 9
1731252869178 3288.0 9
1731252869252 3473.0 9
1731252869293 3659.0 9
1731252869330 3841.0 9
1731252869367 4024.0 9
1731252869414 4206.0 9
1731252869467 4384.0 9
1731252869513 4565.0 9
1731252869554 4743.0 9
1731252869591 4920.0 9
1731252869623 5106.0 9
1731252869654 5285.0 9
1731252869692 5471.0 9
1731252869731 5654.0 9
1731252869793 5840.0 9
1731252869839 6025.0 9
1731252869879 6205.0 9
1731252869916 6387.0 9
1731252869953 6573.0 9
1731252869988 6757.0 9
1731252870021 6945.0 9
1731252870061 7119.0 9
1731252870090 7297.0 9
1731252870123 7477.0 9
1731252870163 7658.0 9
1731252870201 7842.0 9
1731252870240 8023.0 9
1731252870275 8207.0 9
1731252870313 8392.0 9
1731252870349 8574.0 9
1731252870387 8754.0 9
1731252870421 8930.0 9
1731252870452 9097.0 9
1731252870485 9273.0 9
1731252870517 9459.0 9
1731252870553 9639.0 9
1731252870595 9821.0 9
1731252870624 10000.0 9
1731252870656 10180.0 9
1731252870695 10356.0 9
1731252870729 10542.0 9
1731252870768 10719.0 9
1731252870802 10903.0 9
1731252870842 11088.0 9
1731252870871 11271.0 9
1731252870911 11455.0 9
1731252870948 11624.0 9
1731252870988 11806.0 9
1731252871023 11987.0 9
1731252871061 12171.0 9
1731252871097 12354.0 9
1731252871138 12534.0 9
1731252871181 12717.0 9
1731252871232 12901.0 9
1731252871264 13074.0 9
1731252871296 13250.0 9
1731252871328 13427.0 9
1731252871366 13611.0 9
1731252871404 13788.0 9
1731252871457 13969.0 9
1731252871490 14151.0 9
1731252871531 14336.0 9
1731252871562 14520.0 9
1731252871602 14697.0 9
1731252871649 14873.0 9
1731252871683 15044.0 9
1731252871722 15225.0 9
1731252871753 15407.0 9
1731252871808 15579.0 9
1731252871842 15760.0 9
1731252871882 15937.0 9
1731252871914 16112.0 9
1731252871945 16286.0 9
1731252871988 16459.0 9
1731252872028 16634.0 9
1731252872100 16810.0 9
1731252872152 16975.0 9
1731252872193 17157.0 9
1731252872253 17332.0 9
1731252872298 17510.0 9
1731252872370 17681.0 9
1731252872409 17861.0 9
1731252872461 18025.0 9
1731252872515 18189.0 9
1731252872561 18343.0 9
1731252872604 18511.0 9
1731252872644 18689.0 9
1731252872684 18856.0 9
1731252872722 19028.0 9
1731252872768 19200.0 9
1731252872806 19369.0 9
1731252872852 19535.0 9
1731252872890 19694.0 9
1731252872937 19861.0 9
1731252872980 20023.0 9
1731252873019 20178.0 9
1731252873048 20345.0 9
1731252873099 20519.0 9
1731252873153 20697.0 9
1731252873197 20882.0 9
1731252873237 21048.0 9
1731252873284 21220.0 9
1731252873325 21392.0 9
1731252873364 21564.0 9
1731252873412 21743.0 9
1731252873452 21927.0 9
1731252873482 22099.0 9
1731252873516 22281.0 9
1731252873557 22459.0 9
1731252873596 22637.0 9
1731252873640 22814.0 9
1731252873677 22990.0 9
1731252873726 23178.0 9
1731252873763 23353.0 9
1731252873808 23535.0 9
1731252873841 23715.0 9
1731252873876 23894.0 9
1731252873911 24067.0 9
1731252873953 24237.0 9
1731252873989 24413.0 9
1731252874021 24593.0 9
1731252874058 24770.0 9
1731252874094 24958.0 9
1731252874134 25134.0 9
1731252874168 25308.0 9
1731252874203 25492.0 9
1731252874241 25674.0 9
1731252874272 25860.0 9
1731252874309 26043.0 9
1731252874347 26226.0 9
1731252874380 26403.0 9
1731252874410 26588.0 9
1731252874446 26764.0 9
1731252874483 26945.0 9
1731252874517 27132.0 9
1731252874563 27320.0 9
1731252874669 27504.0 9
1731252874745 27688.0 9
1731252874823 27872.0 9
1731252874862 28055.0 9
1731252874894 28233.0 9
1731252874946 28413.0 9
1731252874990 28602.0 9
1731252875025 28782.0 9
1731252875065 28965.0 9
1731252875104 29139.0 9
1731252875136 29321.0 9
1731252875167 29504.0 9
1731252875207 29681.0 9
1731252875247 29864.0 9
1731252875279 30048.0 9
1731252875387 30228.0 9
1731252875424 30403.0 9
1731252875463 30583.0 9
1731252875493 30762.0 9
1731252875529 30941.0 9
1731252875569 31123.0 9
1731252875630 31303.0 9
1731252875674 31469.0 9
1731252875715 31650.0 9
1731252875746 31832.0 9
1731252875779 32009.0 9
1731252875810 32194.0 9
1731252875844 32382.0 9
1731252875883 32561.0 9
1731252875920 32738.0 9
1731252875964 32922.0 9
1731252875998 33098.0 9
1731252876054 33279.0 9
1731252876105 33461.0 9
1731252876161 33634.0 9
1731252876214 33816.0 9
1731252876259 33994.0 9
1731252876322 34170.0 9
1731252876381 34350.0 9
1731252876435 34544.0 9
1731252876486 34721.0 9
1731252876527 34899.0 9
1731252876571 35070.0 9
1731252876608 35251.0 9
1731252876641 35425.0 9
1731252876673 35610.0 9
1731252876710 35789.0 9
1731252876758 35956.0 9
1731252876824 36136.0 9
1731252876867 36321.0 9
1731252876915 36499.0 9
1731252877005 36677.0 9
1731252877060 36851.0 9
1731252877094 37026.0 9
1731252877142 37201.0 9
1731252877191 37375.0 9
1731252877246 37557.0 9
1731252877292 37737.0 9
1731252877331 37920.0 9
1731252877363 38105.0 9
1731252877391 38289.0 9
1731252877429 38473.0 9
1731252877465 38666.0 9
1731252877509 38848.0 9
1731252877556 39029.0 9
1731252877590 39215.0 9
1731252877638 39399.0 9
1731252877679 39583.0 9
1731252877723 39764.0 9
1731252877764 39950.0 9
1731252877799 40128.0 9
1731252877843 40309.0 9
1731252877878 40489.0 9
1731252877910 40673.0 9
1731252877951 40849.0 9
1731252877990 41030.0 9
1731252878024 41205.0 9
1731252878064 41379.0 9
1731252878097 41556.0 9
1731252878137 41736.0 9
1731252878168 41922.0 9
1731252878214 42108.0 9
1731252878268 42284.0 9
1731252878325 42459.0 9
1731252878378 42635.0 9
1731252878408 42812.0 9
1731252878447 43000.0 9
1731252878492 43178.0 9
1731252878530 43358.0 9
1731252878582 43538.0 9
1731252878612 43712.0 9
1731252878649 43893.0 9
1731252878679 44080.0 9
1731252878722 44262.0 9
1731252878762 44442.0 9
1731252878796 44624.0 9
1731252878836 44807.0 9
1731252878884 44984.0 9
1731252878934 45162.0 9
1731252878968 45328.0 9
1731252879069 45511.0 9
1731252879115 45694.0 9
1731252879165 45877.0 9
1731252879220 46062.0 9
1731252879272 46245.0 9
1731252879310 46427.0 9
1731252879359 46607.0 9
1731252879410 46789.0 9
1731252879493 46965.0 9
1731252879569 47145.0 9
1731252879626 47321.0 9
1731252879702 47498.0 9
1731252879763 47676.0 9
1731252879828 47854.0 9
1731252879890 48035.0 9
1731252879954 48216.0 9
1731252880009 48401.0 9
1731252880051 48576.0 9
1731252880105 48757.0 9
1731252880165 48944.0 9
1731252880209 49127.0 9
1731252880247 49307.0 9
1731252880286 49490.0 9
1731252880331 49676.0 9
1731252880372 49862.0 9
1731252880437 50046.0 9
1731252880480 50227.0 9
1731252880518 50406.0 9
1731252880548 50590.0 9
1731252880577 50771.0 9
1731252880615 50957.0 9
1731252880646 51142.0 9
1731252880676 51326.0 9
1731252880716 51508.0 9
1731252880760 51689.0 9
1731252880793 51871.0 9
1731252880839 52049.0 9
1731252880875 52228.0 9
1731252880907 52401.0 9
1731252880946 52580.0 9
1731252880991 52759.0 9
1731252881024 52931.0 9
1731252881058 53102.0 9
1731252881089 53271.0 9
1731252881129 53435.0 9
1731252881168 53606.0 9
1731252881214 53765.0 9
