1731164841233 23.0 0
1731164841308 73.0 0
1731164841357 140.0 0
1731164841383 224.0 0
1731164841425 323.0 0
1731164841498 454.0 0
1731164841538 580.0 0
1731164841618 722.0 0
1731164841662 859.0 0
1731164841704 990.0 0
1731164841797 1128.0 0
1731164841843 1260.0 0
1731164841889 1400.0 0
1731164841930 1558.0 0
1731164841989 1706.0 0
1731164842038 1860.0 0
1731164842138 2017.0 0
1731164842202 2185.0 0
1731164842258 2346.0 0
1731164842303 2503.0 0
1731164842342 2658.0 0
1731164842475 2820.0 0
1731164842584 2988.0 0
1731164842621 3155.0 0
1731164842654 3328.0 0
1731164842691 3498.0 0
1731164842741 3674.0 0
1731164842772 3846.0 0
1731164842803 4018.0 0
1731164842895 4184.0 0
1731164843018 4361.0 0
1731164843128 4535.0 0
1731164843211 4711.0 0
1731164843249 4883.0 0
1731164843287 5065.0 0
1731164843341 5234.0 0
1731164843371 5406.0 0
1731164843404 5580.0 0
1731164843436 5763.0 0
1731164843488 5937.0 0
1731164843525 6114.0 0
1731164843553 6282.0 0
1731164843579 6465.0 0
1731164843608 6637.0 0
1731164843635 6813.0 0
1731164843658 6996.0 0
1731164843683 7167.0 0
1731164843711 7335.0 0
1731164843782 7507.0 0
1731164843830 7687.0 0
1731164843870 7869.0 0
1731164843913 8040.0 0
1731164843959 8223.0 0
1731164844000 8397.0 0
1731164844042 8577.0 0
1731164844085 8755.0 0
1731164844145 8938.0 0
1731164844188 9123.0 0
1731164844227 9303.0 0
1731164844269 9480.0 0
1731164844322 9662.0 0
1731164844355 9846.0 0
1731164844386 10020.0 0
1731164844436 10206.0 0
1731164844465 10382.0 0
1731164844496 10566.0 0
1731164844535 10737.0 0
1731164844614 10913.0 0
1731164844649 11091.0 0
1731164844693 11278.0 0
1731164844733 11453.0 0
1731164844770 11631.0 0
1731164844802 11811.0 0
1731164844839 11999.0 0
1731164844875 12181.0 0
1731164844907 12363.0 0
1731164844937 12541.0 0
1731164844967 12721.0 0
1731164845000 12901.0 0
1731164845031 13080.0 0
1731164845061 13260.0 0
1731164845097 13443.0 0
1731164845138 13622.0 0
1731164845169 13803.0 0
1731164845202 13981.0 0
1731164845233 14162.0 0
1731164845261 14339.0 0
1731164845288 14521.0 0
1731164845323 14699.0 0
1731164845355 14882.0 0
1731164845388 15059.0 0
1731164845417 15242.0 0
1731164845460 15418.0 0
1731164845499 15596.0 0
1731164845540 15777.0 0
1731164845573 15955.0 0
1731164845604 16132.0 0
1731164845637 16316.0 0
1731164845667 16496.0 0
1731164845697 16682.0 0
1731164845724 16860.0 0
1731164845754 17036.0 0
1731164845785 17222.0 0
1731164845825 17398.0 0
1731164845861 17592.0 0
1731164845890 17776.0 0
1731164845924 17956.0 0
1731164845959 18134.0 0
1731164846003 18315.0 0
1731164846047 18495.0 0
1731164846092 18673.0 0
1731164846134 18845.0 0
1731164846184 19030.0 0
1731164846216 19212.0 0
1731164846248 19387.0 0
1731164846299 19569.0 0
1731164846374 19747.0 0
1731164846408 19929.0 0
1731164846438 20106.0 0
1731164846463 20284.0 0
1731164846491 20465.0 0
1731164846519 20655.0 0
1731164846547 20830.0 0
1731164846572 21008.0 0
1731164846600 21192.0 0
1731164846629 21374.0 0
1731164846658 21560.0 0
1731164846682 21744.0 0
1731164846708 21928.0 0
1731164846733 22111.0 0
1731164846764 22299.0 0
1731164846796 22481.0 0
1731164846829 22660.0 0
1731164846862 22837.0 0
1731164846893 23018.0 0
1731164846921 23201.0 0
1731164846949 23381.0 0
1731164846984 23567.0 0
1731164847015 23749.0 0
1731164847050 23932.0 0
1731164847074 24116.0 0
1731164847099 24302.0 0
1731164847130 24487.0 0
1731164847155 24668.0 0
1731164847183 24845.0 0
1731164847214 25026.0 0
1731164847244 25204.0 0
1731164847275 25389.0 0
1731164847313 25575.0 0
1731164847342 25758.0 0
1731164847372 25942.0 0
1731164847407 26126.0 0
1731164847453 26304.0 0
1731164847498 26489.0 0
1731164847542 26672.0 0
1731164847575 26851.0 0
1731164847606 27036.0 0
1731164847633 27211.0 0
1731164847660 27388.0 0
1731164847695 27564.0 0
1731164847729 27751.0 0
1731164847769 27938.0 0
1731164847799 28120.0 0
1731164847832 28307.0 0
1731164847863 28488.0 0
1731164847893 28675.0 0
1731164847934 28854.0 0
1731164847965 29033.0 0
1731164848005 29209.0 0
1731164848037 29396.0 0
1731164848070 29581.0 0
1731164848107 29759.0 0
1731164848148 29934.0 0
1731164848184 30119.0 0
1731164848218 30302.0 0
1731164848261 30488.0 0
1731164848302 30672.0 0
1731164848338 30858.0 0
1731164848382 31042.0 0
1731164848421 31227.0 0
1731164848464 31402.0 0
1731164848495 31586.0 0
1731164848540 31767.0 0
1731164848587 31953.0 0
1731164848807 32135.0 0
1731164848862 32316.0 0
1731164848889 32490.0 0
1731164848918 32675.0 0
1731164848951 32865.0 0
1731164848979 33051.0 0
1731164849006 33235.0 0
1731164849031 33419.0 0
1731164849058 33600.0 0
1731164849096 33783.0 0
1731164849133 33967.0 0
1731164849168 34152.0 0
1731164849214 34334.0 0
1731164849270 34521.0 0
1731164849316 34710.0 0
1731164849343 34894.0 0
1731164849371 35077.0 0
1731164849397 35263.0 0
1731164849422 35444.0 0
1731164849457 35630.0 0
1731164849488 35811.0 0
1731164849534 35995.0 0
1731164849805 36184.0 0
1731164849845 36365.0 0
1731164849875 36557.0 0
1731164849907 36740.0 0
1731164849939 36926.0 0
1731164849972 37115.0 0
1731164850011 37302.0 0
1731164850046 37491.0 0
1731164850074 37674.0 0
1731164850101 37857.0 0
1731164850127 38046.0 0
1731164850158 38234.0 0
1731164850195 38422.0 0
1731164850231 38607.0 0
1731164850277 38794.0 0
1731164850313 38984.0 0
1731164850353 39173.0 0
1731164850398 39352.0 0
1731164850440 39532.0 0
1731164850472 39721.0 0
1731164850501 39902.0 0
1731164850528 40087.0 0
1731164850688 40264.0 0
1731164850718 40446.0 0
1731164850747 40638.0 0
1731164850774 40827.0 0
1731164850813 41011.0 0
1731164850865 41191.0 0
1731164850901 41371.0 0
1731164850943 41558.0 0
1731164850982 41743.0 0
1731164851029 41924.0 0
1731164851084 42113.0 0
1731164851178 42299.0 0
1731164851357 42490.0 0
1731164851418 42671.0 0
1731164851464 42859.0 0
1731164851513 43045.0 0
1731164851566 43231.0 0
1731164851728 43416.0 0
1731164851768 43604.0 0
1731164851813 43795.0 0
1731164851864 43979.0 0
1731164851900 44166.0 0
1731164851937 44348.0 0
1731164852009 44536.0 0
1731164852073 44729.0 0
1731164852103 44908.0 0
1731164852136 45097.0 0
1731164852169 45271.0 0
1731164852227 45455.0 0
1731164852279 45651.0 0
1731164852315 45835.0 0
1731164852352 46022.0 0
1731164852385 46208.0 0
1731164852434 46392.0 0
1731164852482 46579.0 0
1731164852535 46768.0 0
1731164852576 46953.0 0
1731164852617 47138.0 0
1731164852726 47324.0 0
1731164852762 47511.0 0
1731164852797 47695.0 0
1731164852830 47880.0 0
1731164852856 48058.0 0
1731164852887 48247.0 0
1731164852912 48433.0 0
1731164852947 48621.0 0
1731164852975 48806.0 0
1731164853003 48993.0 0
1731164853040 49177.0 0
1731164853070 49367.0 0
1731164853096 49563.0 0
1731164853131 49755.0 0
1731164853160 49937.0 0
1731164853192 50124.0 0
1731164853237 50311.0 0
1731164853270 50490.0 0
1731164853306 50674.0 0
1731164853336 50858.0 0
1731164853370 51044.0 0
1731164853398 51233.0 0
1731164853507 51418.0 0
1731164853540 51597.0 0
1731164853577 51784.0 0
1731164853605 51968.0 0
1731164853642 52154.0 0
1731164853678 52335.0 0
1731164853695 52519.0 0
1731164853720 52704.0 0
1731164853743 52887.0 0
1731164853773 53075.0 0
1731164853807 53258.0 0
1731164853846 53446.0 0
1731164853941 189.0 1
1731164853978 373.0 1
1731164853999 562.0 1
1731164854026 751.0 1
1731164854129 943.0 1
1731164854171 1132.0 1
1731164854214 1312.0 1
1731164854249 1502.0 1
1731164854296 1682.0 1
1731164854327 1869.0 1
1731164854362 2051.0 1
1731164854394 2238.0 1
1731164854429 2422.0 1
1731164854475 2600.0 1
1731164854522 2792.0 1
1731164854567 2980.0 1
1731164854606 3166.0 1
1731164854634 3351.0 1
1731164854758 3542.0 1
1731164854807 3723.0 1
1731164854878 3909.0 1
1731164854926 4098.0 1
1731164854971 4281.0 1
1731164855010 4463.0 1
1731164855039 4648.0 1
1731164855073 4836.0 1
1731164855135 5025.0 1
1731164855171 5212.0 1
1731164855217 5397.0 1
1731164855262 5577.0 1
1731164855309 5766.0 1
1731164855353 5959.0 1
1731164855384 6144.0 1
1731164855422 6327.0 1
1731164855464 6510.0 1
1731164855495 6698.0 1
1731164855530 6891.0 1
1731164855566 7084.0 1
1731164855607 7271.0 1
1731164855652 7454.0 1
1731164855722 7648.0 1
1731164855754 7838.0 1
1731164855797 8026.0 1
1731164855839 8209.0 1
1731164855882 8396.0 1
1731164855908 8582.0 1
1731164855945 8769.0 1
1731164855987 8959.0 1
1731164856017 9144.0 1
1731164856052 9331.0 1
1731164856091 9517.0 1
1731164856124 9708.0 1
1731164856158 9899.0 1
1731164856196 10091.0 1
1731164856226 10279.0 1
1731164856297 10463.0 1
1731164856428 10647.0 1
1731164856558 10836.0 1
1731164856662 11027.0 1
1731164856732 11215.0 1
1731164856787 11401.0 1
1731164856855 11586.0 1
1731164856895 11774.0 1
1731164856926 11960.0 1
1731164857009 12150.0 1
1731164857036 12335.0 1
1731164857080 12523.0 1
1731164857115 12711.0 1
1731164857158 12901.0 1
1731164857199 13090.0 1
1731164857223 13273.0 1
1731164857252 13459.0 1
1731164857354 13641.0 1
1731164857505 13831.0 1
1731164857555 14017.0 1
1731164857612 14205.0 1
1731164857657 14396.0 1
1731164857720 14580.0 1
1731164857745 14770.0 1
1731164857772 14960.0 1
1731164857797 15146.0 1
1731164857817 15337.0 1
1731164857842 15528.0 1
1731164857888 15717.0 1
1731164857920 15902.0 1
1731164857955 16086.0 1
1731164858019 16275.0 1
1731164858056 16463.0 1
1731164858107 16645.0 1
1731164858233 16833.0 1
1731164858367 17014.0 1
1731164858419 17196.0 1
1731164858593 17380.0 1
1731164858669 17565.0 1
1731164858786 17750.0 1
1731164858891 17937.0 1
1731164859010 18127.0 1
1731164859165 18309.0 1
1731164859215 18499.0 1
1731164859251 18687.0 1
1731164859327 18878.0 1
1731164859442 19059.0 1
1731164859510 19248.0 1
1731164859533 19437.0 1
1731164859600 19622.0 1
1731164859650 19806.0 1
1731164859813 19996.0 1
1731164859881 20187.0 1
1731164859973 20380.0 1
1731164860059 20565.0 1
1731164860112 20753.0 1
1731164860150 20945.0 1
1731164860198 21133.0 1
1731164860310 21324.0 1
1731164860452 21515.0 1
1731164860532 21707.0 1
1731164860696 21900.0 1
1731164860835 22091.0 1
1731164860923 22278.0 1
1731164861007 22464.0 1
1731164861091 22653.0 1
1731164861150 22845.0 1
1731164861195 23037.0 1
1731164861251 23227.0 1
1731164861354 23414.0 1
1731164861460 23605.0 1
1731164861582 23797.0 1
1731164861756 23988.0 1
1731164861965 24173.0 1
1731164862109 24358.0 1
1731164862169 24548.0 1
1731164862318 24733.0 1
1731164862365 24925.0 1
1731164862468 25113.0 1
1731164862578 25302.0 1
1731164862623 25493.0 1
1731164862737 25679.0 1
1731164862783 25871.0 1
1731164862873 26059.0 1
1731164863025 26246.0 1
1731164863126 26438.0 1
1731164863181 26622.0 1
1731164863331 26802.0 1
1731164863455 26992.0 1
1731164863574 27185.0 1
1731164863689 27377.0 1
1731164863834 27564.0 1
1731164863956 27753.0 1
1731164864027 27947.0 1
1731164864154 28137.0 1
1731164864329 28320.0 1
1731164864412 28511.0 1
1731164864564 28699.0 1
1731164864649 28887.0 1
1731164864831 29072.0 1
1731164864898 29262.0 1
1731164865107 29456.0 1
1731164865218 29647.0 1
1731164865277 29835.0 1
1731164865330 30026.0 1
1731164865391 30218.0 1
1731164865458 30413.0 1
1731164865542 30605.0 1
1731164865591 30788.0 1
1731164865692 30980.0 1
1731164865722 31169.0 1
1731164865754 31356.0 1
1731164865789 31549.0 1
1731164865851 31740.0 1
1731164865895 31925.0 1
1731164865931 32107.0 1
1731164866049 32292.0 1
1731164866164 32475.0 1
1731164866215 32659.0 1
1731164866250 32852.0 1
1731164866282 33044.0 1
1731164866320 33227.0 1
1731164866519 33413.0 1
1731164866720 33602.0 1
1731164866836 33793.0 1
1731164866991 33980.0 1
1731164867108 34168.0 1
1731164867152 34359.0 1
1731164867217 34549.0 1
1731164867266 34740.0 1
1731164867347 34928.0 1
1731164867411 35119.0 1
1731164867454 35311.0 1
1731164867498 35495.0 1
1731164867528 35681.0 1
1731164867549 35873.0 1
1731164867597 36062.0 1
1731164867754 36249.0 1
1731164867840 36444.0 1
1731164867872 36633.0 1
1731164867898 36819.0 1
1731164867994 37004.0 1
1731164868031 37189.0 1
1731164868069 37380.0 1
1731164868122 37566.0 1
1731164868246 37759.0 1
1731164868282 37944.0 1
1731164868317 38132.0 1
1731164868380 38321.0 1
1731164868414 38512.0 1
1731164868494 38700.0 1
1731164868521 38887.0 1
1731164868552 39071.0 1
1731164868582 39267.0 1
1731164868621 39455.0 1
1731164868658 39644.0 1
1731164868703 39834.0 1
1731164868741 40025.0 1
1731164868814 40215.0 1
1731164868850 40404.0 1
1731164868902 40594.0 1
1731164868931 40784.0 1
1731164868967 40966.0 1
1731164869007 41157.0 1
1731164869052 41350.0 1
1731164869085 41537.0 1
1731164869114 41718.0 1
1731164869143 41903.0 1
1731164869174 42095.0 1
1731164869205 42282.0 1
1731164869268 42475.0 1
1731164869299 42667.0 1
1731164869352 42846.0 1
1731164869436 43039.0 1
1731164869513 43229.0 1
1731164869557 43414.0 1
1731164869613 43603.0 1
1731164869689 43791.0 1
1731164869743 43976.0 1
1731164869792 44165.0 1
1731164869917 44351.0 1
1731164869951 44535.0 1
1731164869987 44725.0 1
1731164870048 44918.0 1
1731164870113 45097.0 1
1731164870193 45286.0 1
1731164870233 45472.0 1
1731164870308 45661.0 1
1731164870384 45846.0 1
1731164870447 46036.0 1
1731164870479 46222.0 1
1731164870512 46412.0 1
1731164870572 46601.0 1
1731164870630 46786.0 1
1731164870703 46977.0 1
1731164870736 47160.0 1
1731164870792 47346.0 1
1731164870825 47540.0 1
1731164870885 47733.0 1
1731164870924 47924.0 1
1731164870957 48110.0 1
1731164871063 48303.0 1
1731164871098 48492.0 1
1731164871150 48685.0 1
1731164871187 48875.0 1
1731164871218 49063.0 1
1731164871291 49254.0 1
1731164871319 49445.0 1
1731164871344 49631.0 1
1731164871374 49822.0 1
1731164871433 50009.0 1
1731164871530 50200.0 1
1731164871559 50388.0 1
1731164871590 50579.0 1
1731164871638 50771.0 1
1731164871668 50960.0 1
1731164871695 51145.0 1
1731164871732 51331.0 1
1731164871770 51524.0 1
1731164871844 51712.0 1
1731164871897 51902.0 1
1731164871943 52092.0 1
1731164871982 52277.0 1
1731164872071 52469.0 1
1731164872095 52662.0 1
1731164872125 52850.0 1
1731164872151 53040.0 1
1731164872181 53224.0 1
1731164872207 53419.0 1
1731164872258 53612.0 1
1731164872301 53802.0 1
1731164872358 53992.0 1
1731164872401 54184.0 1
1731164872456 54372.0 1
1731164872531 54561.0 1
1731164872569 54747.0 1
1731164872631 54929.0 1
1731164872698 55113.0 1
1731164872745 55306.0 1
1731164872791 55501.0 1
1731164872836 55693.0 1
1731164872884 55886.0 1
1731164872929 56071.0 1
1731164872969 56263.0 1
1731164873014 56449.0 1
1731164873075 195.0 2
1731164873154 387.0 2
1731164873202 573.0 2
1731164873254 762.0 2
1731164873323 954.0 2
1731164873368 1146.0 2
1731164873412 1336.0 2
1731164873456 1530.0 2
1731164873484 1723.0 2
1731164873514 1917.0 2
1731164873543 2108.0 2
1731164873571 2299.0 2
1731164873599 2493.0 2
1731164873637 2688.0 2
1731164873669 2880.0 2
1731164873721 3067.0 2
1731164873782 3259.0 2
1731164873811 3451.0 2
1731164873840 3634.0 2
1731164873868 3821.0 2
1731164873895 4006.0 2
1731164873927 4196.0 2
1731164873959 4385.0 2
1731164874016 4580.0 2
1731164874070 4766.0 2
1731164874109 4958.0 2
1731164874135 5152.0 2
1731164874161 5340.0 2
1731164874189 5530.0 2
1731164874226 5719.0 2
1731164874278 5916.0 2
1731164874324 6107.0 2
1731164874394 6298.0 2
1731164874432 6486.0 2
1731164874475 6672.0 2
1731164874524 6863.0 2
1731164874559 7050.0 2
1731164874618 7242.0 2
1731164874702 7432.0 2
1731164874737 7624.0 2
1731164874763 7812.0 2
1731164874791 8002.0 2
1731164874819 8192.0 2
1731164874866 8382.0 2
1731164874889 8569.0 2
1731164874921 8755.0 2
1731164874960 8944.0 2
1731164874988 9136.0 2
1731164875021 9328.0 2
1731164875062 9511.0 2
1731164875107 9704.0 2
1731164875157 9894.0 2
1731164875192 10086.0 2
1731164875219 10277.0 2
1731164875246 10467.0 2
1731164875287 10661.0 2
1731164875316 10855.0 2
1731164875346 11045.0 2
1731164875381 11236.0 2
1731164875425 11425.0 2
1731164875453 11605.0 2
1731164875494 11792.0 2
1731164875546 11982.0 2
1731164875579 12176.0 2
1731164875618 12367.0 2
1731164875655 12554.0 2
1731164875697 12745.0 2
1731164875729 12937.0 2
1731164875782 13127.0 2
1731164875813 13317.0 2
1731164875858 13502.0 2
1731164875901 13696.0 2
1731164875946 13886.0 2
1731164876040 14075.0 2
1731164876097 14273.0 2
1731164876190 14461.0 2
1731164876239 14655.0 2
1731164876289 14845.0 2
1731164876315 15040.0 2
1731164876356 15228.0 2
1731164876382 15420.0 2
1731164876409 15611.0 2
1731164876446 15801.0 2
1731164876480 15986.0 2
1731164876513 16171.0 2
1731164876537 16366.0 2
1731164876606 16555.0 2
1731164876646 16747.0 2
1731164876702 16939.0 2
1731164876736 17120.0 2
1731164876770 17310.0 2
1731164876807 17504.0 2
1731164876845 17697.0 2
1731164876883 17887.0 2
1731164876941 18077.0 2
1731164876974 18269.0 2
1731164877005 18461.0 2
1731164877053 18652.0 2
1731164877093 18838.0 2
1731164877123 19027.0 2
1731164877152 19218.0 2
1731164877184 19408.0 2
1731164877222 19600.0 2
1731164877251 19789.0 2
1731164877277 19977.0 2
1731164877321 20165.0 2
1731164877347 20353.0 2
1731164877387 20547.0 2
1731164877413 20736.0 2
1731164877443 20926.0 2
1731164877478 21115.0 2
1731164877530 21308.0 2
1731164877564 21495.0 2
1731164877606 21686.0 2
1731164877637 21882.0 2
1731164877679 22072.0 2
1731164877735 22261.0 2
1731164877771 22449.0 2
1731164877803 22639.0 2
1731164877865 22834.0 2
1731164877912 23029.0 2
1731164877969 23218.0 2
1731164878015 23401.0 2
1731164878041 23591.0 2
1731164878070 23782.0 2
1731164878103 23972.0 2
1731164878143 24166.0 2
1731164878174 24356.0 2
1731164878214 24545.0 2
1731164878254 24738.0 2
1731164878290 24927.0 2
1731164878331 25109.0 2
1731164878363 25300.0 2
1731164878400 25486.0 2
1731164878431 25679.0 2
1731164878463 25870.0 2
1731164878496 26061.0 2
1731164878532 26253.0 2
1731164878567 26434.0 2
1731164878604 26618.0 2
1731164878636 26809.0 2
1731164878687 26998.0 2
1731164878733 27185.0 2
1731164878779 27379.0 2
1731164878825 27571.0 2
1731164878860 27754.0 2
1731164878895 27946.0 2
1731164879000 28141.0 2
1731164879052 28334.0 2
1731164879125 28522.0 2
1731164879176 28719.0 2
1731164879224 28909.0 2
1731164879255 29097.0 2
1731164879289 29292.0 2
1731164879322 29481.0 2
1731164879356 29673.0 2
1731164879403 29864.0 2
1731164879457 30052.0 2
1731164879488 30239.0 2
1731164879517 30427.0 2
1731164879568 30622.0 2
1731164879606 30813.0 2
1731164879652 31003.0 2
1731164879684 31195.0 2
1731164879719 31388.0 2
1731164879762 31579.0 2
1731164879790 31768.0 2
1731164879817 31962.0 2
1731164879863 32149.0 2
1731164879909 32342.0 2
1731164879942 32530.0 2
1731164879999 32719.0 2
1731164880074 32910.0 2
1731164880128 33097.0 2
1731164880175 33294.0 2
1731164880236 33486.0 2
1731164880287 33676.0 2
1731164880317 33869.0 2
1731164880344 34060.0 2
1731164880380 34255.0 2
1731164880429 34447.0 2
1731164880464 34642.0 2
1731164880506 34835.0 2
1731164880549 35031.0 2
1731164880607 35222.0 2
1731164880638 35418.0 2
1731164880686 35607.0 2
1731164880759 35797.0 2
1731164880805 35987.0 2
1731164880860 36184.0 2
1731164880910 36372.0 2
1731164880960 36563.0 2
1731164881021 36752.0 2
1731164881048 36944.0 2
1731164881084 37135.0 2
1731164881131 37326.0 2
1731164881163 37520.0 2
1731164881207 37707.0 2
1731164881245 37897.0 2
1731164881273 38092.0 2
1731164881305 38278.0 2
1731164881336 38468.0 2
1731164881364 38659.0 2
1731164881458 38851.0 2
1731164881575 39041.0 2
1731164881609 39237.0 2
1731164881670 39427.0 2
1731164881714 39613.0 2
1731164881737 39803.0 2
1731164881848 39995.0 2
1731164882118 40180.0 2
1731164882263 40370.0 2
1731164882393 40560.0 2
1731164882468 40754.0 2
1731164882532 40940.0 2
1731164882558 41134.0 2
1731164882675 41324.0 2
1731164882746 41517.0 2
1731164882797 41709.0 2
1731164882835 41901.0 2
1731164882881 42095.0 2
1731164882924 42285.0 2
1731164882959 42473.0 2
1731164883010 42666.0 2
1731164883132 42863.0 2
1731164883199 43050.0 2
1731164883254 43243.0 2
1731164883293 43433.0 2
1731164883346 43618.0 2
1731164883382 43806.0 2
1731164883430 43994.0 2
1731164883455 44187.0 2
1731164883487 44377.0 2
1731164883513 44564.0 2
1731164883546 44756.0 2
1731164883583 44948.0 2
1731164883625 45138.0 2
1731164883684 45330.0 2
1731164883712 45518.0 2
1731164883747 45710.0 2
1731164883803 45902.0 2
1731164883863 46095.0 2
1731164883932 46290.0 2
1731164884026 46485.0 2
1731164884054 46675.0 2
1731164884098 46865.0 2
1731164884126 47049.0 2
1731164884161 47235.0 2
1731164884218 47430.0 2
1731164884285 47616.0 2
1731164884373 47804.0 2
1731164884437 47997.0 2
1731164884466 48184.0 2
1731164884496 48371.0 2
1731164884523 48561.0 2
1731164884548 48752.0 2
1731164884575 48947.0 2
1731164884637 49139.0 2
1731164884696 49325.0 2
1731164884793 49516.0 2
1731164884820 49704.0 2
1731164884881 49891.0 2
1731164884933 50086.0 2
1731164885037 50278.0 2
1731164885090 50467.0 2
1731164885159 50657.0 2
1731164885196 50845.0 2
1731164885224 51033.0 2
1731164885286 51224.0 2
1731164885336 51415.0 2
1731164885460 51601.0 2
1731164885547 51797.0 2
1731164885592 51993.0 2
1731164885639 52181.0 2
1731164885727 52370.0 2
1731164885782 52560.0 2
1731164885814 52752.0 2
1731164885859 52943.0 2
1731164885888 53130.0 2
1731164885923 53320.0 2
1731164885958 53511.0 2
1731164886037 53702.0 2
1731164886099 53893.0 2
1731164886146 54085.0 2
1731164886184 54276.0 2
1731164886243 54466.0 2
1731164886306 54656.0 2
1731164886361 54850.0 2
1731164886459 55042.0 2
1731164886555 55235.0 2
1731164886664 55421.0 2
1731164886758 55611.0 2
1731164886792 55798.0 2
1731164886833 55994.0 2
1731164886896 56183.0 2
1731164886941 56376.0 2
1731164887006 56567.0 2
1731164887041 56756.0 2
1731164887075 56944.0 2
1731164887110 57133.0 2
1731164887186 193.0 3
1731164887250 385.0 3
1731164887305 577.0 3
1731164887355 769.0 3
1731164887431 962.0 3
1731164887466 1151.0 3
1731164887642 1342.0 3
1731164887697 1530.0 3
1731164887735 1725.0 3
1731164887789 1916.0 3
1731164887819 2109.0 3
1731164887850 2300.0 3
1731164887874 2492.0 3
1731164887908 2684.0 3
1731164887941 2871.0 3
1731164887992 3065.0 3
1731164888032 3257.0 3
1731164888067 3445.0 3
1731164888111 3632.0 3
1731164888158 3820.0 3
1731164888200 4013.0 3
1731164888227 4206.0 3
1731164888243 4399.0 3
1731164888292 4594.0 3
1731164888323 4783.0 3
1731164888350 4977.0 3
1731164888391 5167.0 3
1731164888425 5362.0 3
1731164888454 5549.0 3
1731164888511 5742.0 3
1731164888537 5935.0 3
1731164888561 6121.0 3
1731164888825 6318.0 3
1731164888883 6511.0 3
1731164888919 6706.0 3
1731164888959 6894.0 3
1731164889040 7087.0 3
1731164889146 7278.0 3
1731164889249 7470.0 3
1731164889407 7659.0 3
1731164889437 7849.0 3
1731164889489 8045.0 3
1731164889648 8236.0 3
1731164889701 8427.0 3
1731164889754 8621.0 3
1731164889819 8810.0 3
1731164889882 9004.0 3
1731164889925 9197.0 3
1731164889960 9386.0 3
1731164890041 9580.0 3
1731164890104 9771.0 3
1731164890175 9964.0 3
1731164890208 10152.0 3
1731164890241 10342.0 3
1731164890275 10536.0 3
1731164890325 10726.0 3
1731164890407 10913.0 3
1731164890529 11107.0 3
1731164890609 11300.0 3
1731164890647 11492.0 3
1731164890711 11685.0 3
1731164890776 11880.0 3
1731164890828 12071.0 3
1731164890902 12264.0 3
1731164890948 12448.0 3
1731164891076 12635.0 3
1731164891107 12827.0 3
1731164891217 13017.0 3
1731164891258 13214.0 3
1731164891307 13405.0 3
1731164891355 13593.0 3
1731164891390 13786.0 3
1731164891426 13983.0 3
1731164891532 14176.0 3
1731164891571 14364.0 3
1731164891627 14553.0 3
1731164891658 14747.0 3
1731164891697 14945.0 3
1731164891719 15135.0 3
1731164891748 15329.0 3
1731164891772 15518.0 3
1731164891799 15706.0 3
1731164891822 15898.0 3
1731164891852 16091.0 3
1731164891877 16287.0 3
1731164891910 16480.0 3
1731164891948 16669.0 3
1731164892007 16859.0 3
1731164892034 17051.0 3
1731164892060 17240.0 3
1731164892092 17430.0 3
1731164892124 17624.0 3
1731164892162 17811.0 3
1731164892195 18005.0 3
1731164892238 18200.0 3
1731164892267 18390.0 3
1731164892319 18580.0 3
1731164892353 18778.0 3
1731164892406 18970.0 3
1731164892438 19160.0 3
1731164892475 19349.0 3
1731164892503 19541.0 3
1731164892543 19730.0 3
1731164892577 19921.0 3
1731164892623 20115.0 3
1731164892671 20308.0 3
1731164892709 20498.0 3
1731164892745 20688.0 3
1731164892775 20880.0 3
1731164892835 21075.0 3
1731164892892 21269.0 3
1731164892917 21463.0 3
1731164892951 21659.0 3
1731164892979 21851.0 3
1731164893009 22040.0 3
1731164893038 22233.0 3
1731164893063 22424.0 3
1731164893103 22617.0 3
1731164893158 22806.0 3
1731164893199 22996.0 3
1731164893226 23186.0 3
1731164893278 23378.0 3
1731164893318 23573.0 3
1731164893354 23766.0 3
1731164893383 23952.0 3
1731164893429 24149.0 3
1731164893472 24339.0 3
1731164893505 24531.0 3
1731164893528 24722.0 3
1731164893555 24914.0 3
1731164893582 25107.0 3
1731164893613 25300.0 3
1731164893658 25489.0 3
1731164893687 25682.0 3
1731164893713 25877.0 3
1731164893777 26067.0 3
1731164893812 26263.0 3
1731164893842 26454.0 3
1731164893937 26641.0 3
1731164893975 26830.0 3
1731164894018 27022.0 3
1731164894061 27213.0 3
1731164894105 27401.0 3
1731164894138 27590.0 3
1731164894190 27779.0 3
1731164894220 27972.0 3
1731164894249 28161.0 3
1731164894283 28349.0 3
1731164894315 28534.0 3
1731164894368 28722.0 3
1731164894408 28918.0 3
1731164894442 29113.0 3
1731164894474 29309.0 3
1731164894515 29497.0 3
1731164894545 29690.0 3
1731164894592 29883.0 3
1731164894615 30077.0 3
1731164894650 30272.0 3
1731164894688 30462.0 3
1731164894718 30654.0 3
1731164894773 30846.0 3
1731164894817 31037.0 3
1731164894843 31227.0 3
1731164894882 31417.0 3
1731164894915 31609.0 3
1731164894961 31797.0 3
1731164894998 31990.0 3
1731164895026 32179.0 3
1731164895089 32366.0 3
1731164895117 32557.0 3
1731164895152 32750.0 3
1731164895223 32943.0 3
1731164895254 33135.0 3
1731164895287 33327.0 3
1731164895313 33514.0 3
1731164895339 33709.0 3
1731164895362 33899.0 3
1731164895386 34093.0 3
1731164895422 34287.0 3
1731164895450 34475.0 3
1731164895478 34669.0 3
1731164895506 34861.0 3
1731164895538 35053.0 3
1731164895573 35247.0 3
1731164895605 35439.0 3
1731164895645 35632.0 3
1731164895682 35822.0 3
1731164895711 36015.0 3
1731164895742 36205.0 3
1731164895768 36393.0 3
1731164895805 36584.0 3
1731164895839 36773.0 3
1731164895870 36967.0 3
1731164895899 37157.0 3
1731164895931 37347.0 3
1731164895974 37543.0 3
1731164896032 37738.0 3
1731164896061 37929.0 3
1731164896085 38122.0 3
1731164896114 38309.0 3
1731164896146 38501.0 3
1731164896172 38695.0 3
1731164896204 38891.0 3
1731164896231 39084.0 3
1731164896255 39277.0 3
1731164896283 39471.0 3
1731164896310 39662.0 3
1731164896335 39855.0 3
1731164896583 40049.0 3
1731164897034 40241.0 3
1731164897092 40430.0 3
1731164897155 40623.0 3
1731164897229 40817.0 3
1731164897283 41008.0 3
1731164897358 41199.0 3
1731164897413 41385.0 3
1731164897468 41577.0 3
1731164897533 41766.0 3
1731164897597 41956.0 3
1731164897647 42147.0 3
1731164897686 42341.0 3
1731164897755 42536.0 3
1731164897791 42730.0 3
1731164897842 42924.0 3
1731164897939 43118.0 3
1731164898176 43307.0 3
1731164898240 43498.0 3
1731164898282 43688.0 3
1731164898319 43882.0 3
1731164898352 44075.0 3
1731164898400 44264.0 3
1731164898473 44457.0 3
1731164898519 44644.0 3
1731164898560 44833.0 3
1731164898608 45030.0 3
1731164898638 45224.0 3
1731164898665 45416.0 3
1731164898697 45610.0 3
1731164898730 45799.0 3
1731164898764 45993.0 3
1731164898850 46182.0 3
1731164898888 46376.0 3
1731164898917 46568.0 3
1731164898950 46755.0 3
1731164898980 46951.0 3
1731164899032 47142.0 3
1731164899133 47336.0 3
1731164899164 47529.0 3
1731164899188 47721.0 3
1731164899219 47910.0 3
1731164899260 48105.0 3
1731164899324 48298.0 3
1731164899384 48494.0 3
1731164899440 48681.0 3
1731164899480 48871.0 3
1731164899541 49069.0 3
1731164899586 49264.0 3
1731164899634 49456.0 3
1731164899663 49650.0 3
1731164899699 49842.0 3
1731164899725 50035.0 3
1731164899752 50229.0 3
1731164899790 50418.0 3
1731164899823 50613.0 3
1731164899859 50805.0 3
1731164899886 50995.0 3
1731164899911 51185.0 3
1731164899943 51375.0 3
1731164899972 51564.0 3
1731164899999 51757.0 3
1731164900031 51947.0 3
1731164900063 52133.0 3
1731164900092 52330.0 3
1731164900123 52524.0 3
1731164900167 52719.0 3
1731164900207 52910.0 3
1731164900253 53104.0 3
1731164900306 53294.0 3
1731164900366 53483.0 3
1731164900405 53671.0 3
1731164900438 53865.0 3
1731164900462 54057.0 3
1731164900501 54249.0 3
1731164900547 54439.0 3
1731164900597 54628.0 3
1731164900643 54817.0 3
1731164900671 55005.0 3
1731164900708 55191.0 3
1731164900735 55381.0 3
1731164900763 55572.0 3
1731164900807 55764.0 3
1731164900853 55955.0 3
1731164900893 56149.0 3
1731164900929 56337.0 3
1731164900975 56534.0 3
1731164901011 56724.0 3
1731164901047 56911.0 3
1731164901072 57105.0 3
1731164901101 57298.0 3
1731164901168 57489.0 3
1731164901233 189.0 4
1731164901272 380.0 4
1731164901308 578.0 4
1731164901345 775.0 4
1731164901376 966.0 4
1731164901411 1161.0 4
1731164901509 1356.0 4
1731164901562 1552.0 4
1731164901608 1747.0 4
1731164901642 1941.0 4
1731164901670 2132.0 4
1731164901707 2326.0 4
1731164901754 2517.0 4
1731164901852 2708.0 4
1731164901908 2899.0 4
1731164901937 3091.0 4
1731164901971 3285.0 4
1731164902018 3476.0 4
1731164902050 3670.0 4
1731164902077 3866.0 4
1731164902107 4060.0 4
1731164902158 4256.0 4
1731164902196 4448.0 4
1731164902231 4639.0 4
1731164902304 4827.0 4
1731164902320 5020.0 4
1731164902375 5213.0 4
1731164902465 5407.0 4
1731164902503 5600.0 4
1731164902572 5791.0 4
1731164902613 5984.0 4
1731164902651 6177.0 4
1731164902718 6370.0 4
1731164902740 6562.0 4
1731164902767 6758.0 4
1731164902821 6952.0 4
1731164902976 7144.0 4
1731164903029 7337.0 4
1731164903090 7526.0 4
1731164903246 7715.0 4
1731164903272 7905.0 4
1731164903358 8096.0 4
1731164903473 8291.0 4
1731164903517 8483.0 4
1731164903563 8670.0 4
1731164903611 8866.0 4
1731164903672 9061.0 4
1731164903720 9256.0 4
1731164903755 9448.0 4
1731164903791 9641.0 4
1731164903822 9832.0 4
1731164903904 10027.0 4
1731164903970 10217.0 4
1731164904017 10407.0 4
1731164904080 10592.0 4
1731164904160 10782.0 4
1731164904212 10977.0 4
1731164904286 11172.0 4
1731164904339 11359.0 4
1731164904392 11557.0 4
1731164904438 11752.0 4
1731164904470 11943.0 4
1731164904489 12134.0 4
1731164904522 12325.0 4
1731164904574 12513.0 4
1731164904610 12706.0 4
1731164904662 12899.0 4
1731164904709 13093.0 4
1731164904752 13286.0 4
1731164904785 13483.0 4
1731164904811 13674.0 4
1731164904843 13868.0 4
1731164904880 14058.0 4
1731164904920 14254.0 4
1731164904953 14448.0 4
1731164904989 14643.0 4
1731164905056 14835.0 4
1731164905095 15026.0 4
1731164905127 15222.0 4
1731164905164 15410.0 4
1731164905204 15602.0 4
1731164905230 15797.0 4
1731164905274 15991.0 4
1731164905328 16181.0 4
1731164905387 16375.0 4
1731164905429 16565.0 4
1731164905491 16758.0 4
1731164905576 16948.0 4
1731164905682 17142.0 4
1731164905742 17336.0 4
1731164905768 17528.0 4
1731164905811 17723.0 4
1731164905837 17913.0 4
1731164905876 18108.0 4
1731164905919 18298.0 4
1731164905957 18485.0 4
1731164905997 18676.0 4
1731164906032 18870.0 4
1731164906079 19063.0 4
1731164906108 19257.0 4
1731164906139 19452.0 4
1731164906164 19647.0 4
1731164906235 19842.0 4
1731164906301 20036.0 4
1731164906350 20230.0 4
1731164906387 20422.0 4
1731164906469 20613.0 4
1731164906519 20807.0 4
1731164906565 21002.0 4
1731164906618 21196.0 4
1731164906645 21387.0 4
1731164906730 21577.0 4
1731164906778 21771.0 4
1731164906811 21962.0 4
1731164906866 22156.0 4
1731164906976 22345.0 4
1731164907002 22536.0 4
1731164907044 22730.0 4
1731164907066 22918.0 4
1731164907089 23103.0 4
1731164907144 23296.0 4
1731164907172 23489.0 4
1731164907217 23678.0 4
1731164907284 23872.0 4
1731164907340 24064.0 4
1731164907467 24254.0 4
1731164907556 24447.0 4
1731164907588 24642.0 4
1731164907620 24836.0 4
1731164907686 25032.0 4
1731164907747 25223.0 4
1731164907780 25419.0 4
1731164907819 25612.0 4
1731164907866 25803.0 4
1731164907904 25995.0 4
1731164907960 26191.0 4
1731164908017 26379.0 4
1731164908052 26570.0 4
1731164908081 26763.0 4
1731164908178 26953.0 4
1731164908278 27145.0 4
1731164908321 27340.0 4
1731164908361 27534.0 4
1731164908404 27731.0 4
1731164908449 27923.0 4
1731164908484 28120.0 4
1731164908557 28311.0 4
1731164908696 28502.0 4
1731164908745 28697.0 4
1731164908789 28890.0 4
1731164908842 29083.0 4
1731164908889 29275.0 4
1731164908940 29471.0 4
1731164908968 29662.0 4
1731164909006 29853.0 4
1731164909067 30046.0 4
1731164909110 30235.0 4
1731164909157 30427.0 4
1731164909207 30619.0 4
1731164909241 30814.0 4
1731164909303 31006.0 4
1731164909341 31198.0 4
1731164909419 31391.0 4
1731164909481 31579.0 4
1731164909578 31771.0 4
1731164909659 31961.0 4
1731164909750 32152.0 4
1731164909803 32341.0 4
1731164909831 32533.0 4
1731164909941 32726.0 4
1731164909975 32920.0 4
1731164910024 33117.0 4
1731164910063 33312.0 4
1731164910100 33503.0 4
1731164910236 33699.0 4
1731164910268 33892.0 4
1731164910309 34084.0 4
1731164910361 34277.0 4
1731164910430 34471.0 4
1731164910489 34667.0 4
1731164910527 34862.0 4
1731164910574 35054.0 4
1731164910623 35244.0 4
1731164910676 35434.0 4
1731164910733 35625.0 4
1731164910772 35815.0 4
1731164910816 36014.0 4
1731164910859 36206.0 4
1731164910905 36400.0 4
1731164910959 36593.0 4
1731164910986 36785.0 4
1731164911024 36978.0 4
1731164911065 37172.0 4
1731164911104 37364.0 4
1731164911148 37556.0 4
1731164911199 37752.0 4
1731164911247 37942.0 4
1731164911278 38131.0 4
1731164911349 38327.0 4
1731164911380 38517.0 4
1731164911426 38704.0 4
1731164911483 38898.0 4
1731164911516 39090.0 4
1731164911544 39284.0 4
1731164911571 39477.0 4
1731164911612 39674.0 4
1731164911705 39865.0 4
1731164911746 40058.0 4
1731164911793 40250.0 4
1731164911826 40443.0 4
1731164911974 40635.0 4
1731164912028 40827.0 4
1731164912073 41019.0 4
1731164912118 41216.0 4
1731164912150 41410.0 4
1731164912180 41600.0 4
1731164912247 41793.0 4
1731164912318 41978.0 4
1731164912349 42173.0 4
1731164912424 42367.0 4
1731164912547 42556.0 4
1731164912603 42749.0 4
1731164912653 42945.0 4
1731164912708 43135.0 4
1731164912742 43328.0 4
1731164912782 43521.0 4
1731164912836 43715.0 4
1731164912869 43908.0 4
1731164912901 44095.0 4
1731164912951 44282.0 4
1731164913045 44472.0 4
1731164913241 44662.0 4
1731164913310 44855.0 4
1731164913368 45040.0 4
1731164913429 45231.0 4
1731164913632 45430.0 4
1731164913885 45620.0 4
1731164914073 45809.0 4
1731164914188 46007.0 4
1731164914226 46198.0 4
1731164914257 46387.0 4
1731164914299 46579.0 4
1731164914354 46769.0 4
1731164914412 46957.0 4
1731164914484 47148.0 4
1731164914530 47337.0 4
1731164914557 47525.0 4
1731164914621 47714.0 4
1731164914686 47908.0 4
1731164914729 48104.0 4
1731164914804 48298.0 4
1731164914841 48490.0 4
1731164914882 48680.0 4
1731164914924 48873.0 4
1731164914961 49064.0 4
1731164914988 49256.0 4
1731164915015 49446.0 4
1731164915090 49638.0 4
1731164915123 49825.0 4
1731164915175 50015.0 4
1731164915203 50210.0 4
1731164915235 50403.0 4
1731164915264 50595.0 4
1731164915293 50785.0 4
1731164915369 50980.0 4
1731164915409 51173.0 4
1731164915475 51365.0 4
1731164915515 51561.0 4
1731164915546 51756.0 4
1731164915585 51948.0 4
1731164915625 52140.0 4
1731164915673 52332.0 4
1731164915718 52526.0 4
1731164915744 52718.0 4
1731164915770 52906.0 4
1731164915799 53103.0 4
1731164915825 53295.0 4
1731164915885 53486.0 4
1731164915950 53677.0 4
1731164915987 53872.0 4
1731164916014 54066.0 4
1731164916040 54261.0 4
1731164916067 54453.0 4
1731164916093 54645.0 4
1731164916129 54841.0 4
1731164916177 55034.0 4
1731164916228 55221.0 4
1731164916261 55418.0 4
1731164916298 55606.0 4
1731164916338 55798.0 4
1731164916367 55989.0 4
1731164916435 56182.0 4
1731164916487 56379.0 4
1731164916530 56568.0 4
1731164916561 56759.0 4
1731164916595 56953.0 4
1731164916656 57144.0 4
1731164916685 57340.0 4
1731164916719 57532.0 4
1731164916741 57724.0 4
1731164916789 194.0 5
1731164916812 386.0 5
1731164916833 577.0 5
1731164916863 770.0 5
1731164916891 962.0 5
1731164916926 1155.0 5
1731164916962 1349.0 5
1731164917033 1546.0 5
1731164917069 1739.0 5
1731164917105 1932.0 5
1731164917140 2129.0 5
1731164917182 2320.0 5
1731164917230 2514.0 5
1731164917256 2708.0 5
1731164917280 2901.0 5
1731164917305 3094.0 5
1731164917338 3284.0 5
1731164917371 3478.0 5
1731164917396 3671.0 5
1731164917513 3864.0 5
1731164917535 4062.0 5
1731164917570 4254.0 5
1731164917607 4450.0 5
1731164917639 4642.0 5
1731164917675 4835.0 5
1731164917715 5032.0 5
1731164917751 5225.0 5
1731164917778 5418.0 5
1731164917804 5614.0 5
1731164917831 5811.0 5
1731164917856 5999.0 5
1731164917884 6187.0 5
1731164917914 6380.0 5
1731164917942 6575.0 5
1731164917976 6770.0 5
1731164918008 6966.0 5
1731164918058 7152.0 5
1731164918121 7341.0 5
1731164918170 7528.0 5
1731164918198 7722.0 5
1731164918230 7912.0 5
1731164918255 8106.0 5
1731164918291 8299.0 5
1731164918337 8490.0 5
1731164918373 8681.0 5
1731164918401 8873.0 5
1731164918479 9068.0 5
1731164918527 9259.0 5
1731164918555 9454.0 5
1731164918584 9649.0 5
1731164918624 9844.0 5
1731164918663 10034.0 5
1731164918703 10227.0 5
1731164918737 10423.0 5
1731164918769 10614.0 5
1731164918803 10808.0 5
1731164918869 11002.0 5
1731164918898 11194.0 5
1731164918929 11385.0 5
1731164918963 11579.0 5
1731164918989 11774.0 5
1731164919027 11967.0 5
1731164919092 12157.0 5
1731164919144 12342.0 5
1731164919204 12534.0 5
1731164919238 12729.0 5
1731164919280 12924.0 5
1731164919338 13119.0 5
1731164919381 13313.0 5
1731164919425 13503.0 5
1731164919453 13697.0 5
1731164919483 13893.0 5
1731164919565 14079.0 5
1731164919603 14271.0 5
1731164919643 14463.0 5
1731164919674 14655.0 5
1731164919705 14844.0 5
1731164919733 15037.0 5
1731164919762 15233.0 5
1731164919792 15426.0 5
1731164919819 15622.0 5
1731164919846 15813.0 5
1731164919878 16004.0 5
1731164919904 16200.0 5
1731164919933 16392.0 5
1731164919959 16583.0 5
1731164919987 16772.0 5
1731164920022 16964.0 5
1731164920056 17153.0 5
1731164920132 17342.0 5
1731164920169 17538.0 5
1731164920208 17730.0 5
1731164920236 17923.0 5
1731164920266 18113.0 5
1731164920294 18306.0 5
1731164920338 18499.0 5
1731164920378 18691.0 5
1731164920407 18889.0 5
1731164920434 19085.0 5
1731164920459 19279.0 5
1731164920487 19472.0 5
1731164920526 19661.0 5
1731164920561 19853.0 5
1731164920597 20049.0 5
1731164920625 20243.0 5
1731164920679 20439.0 5
1731164920754 20632.0 5
1731164920794 20824.0 5
1731164920819 21015.0 5
1731164920846 21206.0 5
1731164920878 21398.0 5
1731164920919 21591.0 5
1731164920960 21785.0 5
1731164921004 21981.0 5
1731164921032 22172.0 5
1731164921063 22364.0 5
1731164921095 22557.0 5
1731164921121 22750.0 5
1731164921214 22942.0 5
1731164921416 23136.0 5
1731164921576 23326.0 5
1731164921607 23519.0 5
1731164921668 23711.0 5
1731164921711 23894.0 5
1731164921741 24084.0 5
1731164921794 24271.0 5
1731164921863 24465.0 5
1731164921911 24659.0 5
1731164921977 24854.0 5
1731164922015 25046.0 5
1731164922070 25240.0 5
1731164922121 25434.0 5
1731164922161 25632.0 5
1731164922196 25826.0 5
1731164922282 26023.0 5
1731164922318 26208.0 5
1731164922345 26400.0 5
1731164922391 26591.0 5
1731164922426 26781.0 5
1731164922480 26979.0 5
1731164922529 27172.0 5
1731164922562 27365.0 5
1731164922596 27556.0 5
1731164922637 27751.0 5
1731164922671 27946.0 5
1731164922722 28139.0 5
1731164922768 28331.0 5
1731164922799 28526.0 5
1731164922832 28717.0 5
1731164922858 28911.0 5
1731164922895 29106.0 5
1731164922923 29296.0 5
1731164922954 29489.0 5
1731164922989 29679.0 5
1731164923022 29870.0 5
1731164923064 30064.0 5
1731164923097 30256.0 5
1731164923145 30452.0 5
1731164923179 30643.0 5
1731164923207 30834.0 5
1731164923235 31026.0 5
1731164923266 31223.0 5
1731164923313 31421.0 5
1731164923363 31615.0 5
1731164923405 31808.0 5
1731164923439 31999.0 5
1731164923465 32192.0 5
1731164923496 32384.0 5
1731164923526 32579.0 5
1731164923578 32771.0 5
1731164923644 32966.0 5
1731164923696 33163.0 5
1731164923745 33358.0 5
1731164923779 33551.0 5
1731164923819 33743.0 5
1731164923847 33934.0 5
1731164923871 34126.0 5
1731164923935 34324.0 5
1731164923979 34514.0 5
1731164924012 34708.0 5
1731164924078 34904.0 5
1731164924150 35098.0 5
1731164924206 35294.0 5
1731164924239 35484.0 5
1731164924268 35676.0 5
1731164924304 35867.0 5
1731164924330 36060.0 5
1731164924372 36255.0 5
1731164924395 36445.0 5
1731164924419 36635.0 5
1731164924468 36828.0 5
1731164924491 37020.0 5
1731164924515 37211.0 5
1731164924543 37405.0 5
1731164924578 37598.0 5
1731164924630 37791.0 5
1731164924653 37980.0 5
1731164924681 38172.0 5
1731164924707 38364.0 5
1731164924740 38557.0 5
1731164924764 38755.0 5
1731164924791 38950.0 5
1731164924826 39143.0 5
1731164924865 39338.0 5
1731164924943 39528.0 5
1731164924987 39719.0 5
1731164925021 39908.0 5
1731164925079 40097.0 5
1731164925132 40291.0 5
1731164925201 40485.0 5
1731164925243 40681.0 5
1731164925295 40874.0 5
1731164925332 41065.0 5
1731164925374 41258.0 5
1731164925438 41454.0 5
1731164925476 41645.0 5
1731164925508 41838.0 5
1731164925540 42030.0 5
1731164925577 42224.0 5
1731164925656 42418.0 5
1731164925727 42611.0 5
1731164925770 42808.0 5
1731164925814 43000.0 5
1731164925864 43195.0 5
1731164925908 43389.0 5
1731164925938 43582.0 5
1731164925987 43774.0 5
1731164926015 43968.0 5
1731164926043 44163.0 5
1731164926070 44356.0 5
1731164926101 44548.0 5
1731164926127 44746.0 5
1731164926155 44938.0 5
1731164926200 45132.0 5
1731164926228 45322.0 5
1731164926262 45515.0 5
1731164926342 45704.0 5
1731164926377 45889.0 5
1731164926414 46083.0 5
1731164926443 46273.0 5
1731164926469 46464.0 5
1731164926498 46651.0 5
1731164926529 46841.0 5
1731164926556 47030.0 5
1731164926603 47224.0 5
1731164926637 47417.0 5
1731164926689 47605.0 5
1731164926737 47800.0 5
1731164926785 47988.0 5
1731164926836 48177.0 5
1731164926867 48372.0 5
1731164926908 48564.0 5
1731164926961 48757.0 5
1731164927005 48948.0 5
1731164927056 49142.0 5
1731164927085 49334.0 5
1731164927118 49529.0 5
1731164927171 49717.0 5
1731164927224 49904.0 5
1731164927278 50098.0 5
1731164927300 50292.0 5
1731164927339 50484.0 5
1731164927384 50675.0 5
1731164927412 50869.0 5
1731164927443 51059.0 5
1731164927496 51253.0 5
1731164927616 51445.0 5
1731164927655 51632.0 5
1731164927696 51825.0 5
1731164927727 52022.0 5
1731164927756 52214.0 5
1731164927787 52410.0 5
1731164927820 52597.0 5
1731164927868 52789.0 5
1731164927899 52986.0 5
1731164928074 53182.0 5
1731164928133 53374.0 5
1731164928161 53569.0 5
1731164928190 53762.0 5
1731164928219 53957.0 5
1731164928245 54147.0 5
1731164928276 54337.0 5
1731164928303 54535.0 5
1731164928339 54725.0 5
1731164928367 54916.0 5
1731164928448 55112.0 5
1731164928567 55303.0 5
1731164928653 55495.0 5
1731164928687 55689.0 5
1731164928723 55880.0 5
1731164928756 56072.0 5
1731164928803 56258.0 5
1731164928867 56449.0 5
1731164928977 56640.0 5
1731164929049 56827.0 5
1731164929102 57021.0 5
1731164929148 57217.0 5
1731164929182 57408.0 5
1731164929256 57600.0 5
1731164929304 57787.0 5
1731164929365 197.0 6
1731164929409 393.0 6
1731164929444 586.0 6
1731164929498 782.0 6
1731164929537 972.0 6
1731164929577 1166.0 6
1731164929649 1357.0 6
1731164929700 1552.0 6
1731164929743 1749.0 6
1731164929792 1942.0 6
1731164929819 2137.0 6
1731164929844 2325.0 6
1731164929870 2520.0 6
1731164929906 2712.0 6
1731164929954 2906.0 6
1731164929992 3104.0 6
1731164930071 3299.0 6
1731164930099 3493.0 6
1731164930163 3683.0 6
1731164930201 3877.0 6
1731164930239 4068.0 6
1731164930273 4263.0 6
1731164930310 4459.0 6
1731164930365 4655.0 6
1731164930396 4843.0 6
1731164930428 5038.0 6
1731164930457 5233.0 6
1731164930485 5427.0 6
1731164930518 5623.0 6
1731164930558 5817.0 6
1731164930642 6007.0 6
1731164930690 6200.0 6
1731164930731 6394.0 6
1731164930764 6589.0 6
1731164930813 6782.0 6
1731164930846 6971.0 6
1731164930898 7165.0 6
1731164930926 7358.0 6
1731164930957 7551.0 6
1731164930993 7745.0 6
1731164931027 7935.0 6
1731164931104 8130.0 6
1731164931142 8325.0 6
1731164931185 8522.0 6
1731164931222 8720.0 6
1731164931247 8911.0 6
1731164931279 9101.0 6
1731164931309 9297.0 6
1731164931346 9488.0 6
1731164931379 9687.0 6
1731164931410 9876.0 6
1731164931445 10067.0 6
1731164931477 10264.0 6
1731164931510 10455.0 6
1731164931542 10649.0 6
1731164931589 10841.0 6
1731164931620 11035.0 6
1731164931650 11227.0 6
1731164931677 11422.0 6
1731164931724 11612.0 6
1731164931758 11805.0 6
1731164931790 11999.0 6
1731164931822 12193.0 6
1731164931855 12386.0 6
1731164931896 12578.0 6
1731164931925 12773.0 6
1731164931951 12965.0 6
1731164931977 13155.0 6
1731164932014 13347.0 6
1731164932040 13543.0 6
1731164932065 13738.0 6
1731164932088 13930.0 6
1731164932113 14121.0 6
1731164932154 14314.0 6
1731164932185 14509.0 6
1731164932215 14703.0 6
1731164932247 14892.0 6
1731164932279 15086.0 6
1731164932322 15280.0 6
1731164932363 15475.0 6
1731164932395 15668.0 6
1731164932422 15858.0 6
1731164932456 16051.0 6
1731164932483 16240.0 6
1731164932512 16433.0 6
1731164932546 16630.0 6
1731164932585 16826.0 6
1731164932623 17020.0 6
1731164932663 17215.0 6
1731164932688 17409.0 6
1731164932712 17605.0 6
1731164932742 17800.0 6
1731164932816 17997.0 6
1731164932848 18189.0 6
1731164932897 18379.0 6
1731164932932 18569.0 6
1731164932962 18760.0 6
1731164932996 18953.0 6
1731164933067 19143.0 6
1731164933109 19335.0 6
1731164933145 19528.0 6
1731164933168 19724.0 6
1731164933196 19914.0 6
1731164933228 20106.0 6
1731164933267 20299.0 6
1731164933310 20488.0 6
1731164933352 20676.0 6
1731164933397 20869.0 6
1731164933432 21066.0 6
1731164933465 21261.0 6
1731164933510 21452.0 6
1731164933550 21644.0 6
1731164933651 21841.0 6
1731164933684 22035.0 6
1731164933729 22228.0 6
1731164933770 22419.0 6
1731164933815 22612.0 6
1731164933848 22803.0 6
1731164933879 22995.0 6
1731164933924 23185.0 6
1731164933965 23378.0 6
1731164933998 23574.0 6
1731164934044 23768.0 6
1731164934080 23959.0 6
1731164934118 24155.0 6
1731164934150 24351.0 6
1731164934192 24541.0 6
1731164934232 24736.0 6
1731164934261 24929.0 6
1731164934292 25117.0 6
1731164934318 25311.0 6
1731164934343 25508.0 6
1731164934368 25700.0 6
1731164934394 25893.0 6
1731164934426 26084.0 6
1731164934455 26278.0 6
1731164934496 26472.0 6
1731164934539 26666.0 6
1731164934568 26859.0 6
1731164934604 27056.0 6
1731164934641 27252.0 6
1731164934677 27448.0 6
1731164934718 27636.0 6
1731164934749 27832.0 6
1731164934779 28025.0 6
1731164934805 28216.0 6
1731164934829 28413.0 6
1731164934855 28602.0 6
1731164934885 28796.0 6
1731164934912 28986.0 6
1731164934938 29185.0 6
1731164934964 29374.0 6
1731164934992 29570.0 6
1731164935019 29768.0 6
1731164935059 29963.0 6
1731164935098 30157.0 6
1731164935135 30347.0 6
1731164935165 30539.0 6
1731164935194 30734.0 6
1731164935231 30927.0 6
1731164935260 31122.0 6
1731164935290 31314.0 6
1731164935316 31511.0 6
1731164935345 31706.0 6
1731164935374 31894.0 6
1731164935404 32084.0 6
1731164935436 32275.0 6
1731164935465 32468.0 6
1731164935498 32663.0 6
1731164935530 32859.0 6
1731164935581 33051.0 6
1731164935618 33242.0 6
1731164935651 33436.0 6
1731164935683 33632.0 6
1731164935712 33827.0 6
1731164935746 34022.0 6
1731164935783 34214.0 6
1731164935817 34404.0 6
1731164935850 34598.0 6
1731164935887 34787.0 6
1731164935921 34981.0 6
1731164935954 35176.0 6
1731164935979 35369.0 6
1731164936014 35564.0 6
1731164936049 35761.0 6
1731164936084 35953.0 6
1731164936112 36151.0 6
1731164936171 36344.0 6
1731164936247 36537.0 6
1731164936283 36730.0 6
1731164936310 36925.0 6
1731164936338 37117.0 6
1731164936372 37314.0 6
1731164936402 37506.0 6
1731164936426 37694.0 6
1731164936452 37887.0 6
1731164936483 38076.0 6
1731164936514 38269.0 6
1731164936547 38464.0 6
1731164936584 38656.0 6
1731164936618 38848.0 6
1731164936646 39039.0 6
1731164936680 39232.0 6
1731164936716 39431.0 6
1731164936747 39626.0 6
1731164936777 39816.0 6
1731164936809 40007.0 6
1731164936837 40196.0 6
1731164936870 40388.0 6
1731164936901 40576.0 6
1731164936937 40772.0 6
1731164936967 40966.0 6
1731164937000 41162.0 6
1731164937032 41350.0 6
1731164937063 41546.0 6
1731164937087 41740.0 6
1731164937113 41933.0 6
1731164937140 42131.0 6
1731164937179 42321.0 6
1731164937208 42515.0 6
1731164937238 42708.0 6
1731164937267 42896.0 6
1731164937309 43087.0 6
1731164937339 43279.0 6
1731164937373 43471.0 6
1731164937417 43661.0 6
1731164937448 43860.0 6
1731164937526 44052.0 6
1731164937588 44244.0 6
1731164937619 44438.0 6
1731164937652 44631.0 6
1731164937677 44820.0 6
1731164937712 45015.0 6
1731164937748 45206.0 6
1731164937789 45400.0 6
1731164937840 45592.0 6
1731164937882 45784.0 6
1731164937928 45977.0 6
1731164937960 46173.0 6
1731164937992 46366.0 6
1731164938027 46563.0 6
1731164938068 46754.0 6
1731164938105 46940.0 6
1731164938147 47136.0 6
1731164938174 47326.0 6
1731164938198 47521.0 6
1731164938225 47714.0 6
1731164938254 47903.0 6
1731164938288 48095.0 6
1731164938335 48289.0 6
1731164938379 48484.0 6
1731164938407 48673.0 6
1731164938433 48869.0 6
1731164938459 49062.0 6
1731164938484 49259.0 6
1731164938510 49453.0 6
1731164938540 49650.0 6
1731164938571 49842.0 6
1731164938602 50039.0 6
1731164938633 50231.0 6
1731164938659 50423.0 6
1731164938685 50615.0 6
1731164938714 50808.0 6
1731164938743 50999.0 6
1731164938770 51192.0 6
1731164938800 51385.0 6
1731164938828 51575.0 6
1731164938862 51769.0 6
1731164938892 51961.0 6
1731164938924 52151.0 6
1731164938951 52348.0 6
1731164938981 52544.0 6
1731164939004 52738.0 6
1731164939044 52930.0 6
1731164939124 53120.0 6
1731164939170 53317.0 6
1731164939194 53509.0 6
1731164939223 53698.0 6
1731164939251 53888.0 6
1731164939292 54084.0 6
1731164939322 54276.0 6
1731164939352 54464.0 6
1731164939380 54656.0 6
1731164939407 54844.0 6
1731164939437 55040.0 6
1731164939472 55234.0 6
1731164939512 55426.0 6
1731164939548 55621.0 6
1731164939588 55817.0 6
1731164939621 56009.0 6
1731164939657 56201.0 6
1731164939688 56398.0 6
1731164939719 56592.0 6
1731164939747 56781.0 6
1731164939779 56973.0 6
1731164939826 57166.0 6
1731164939851 57355.0 6
1731164939896 57547.0 6
1731164939933 57744.0 6
1731164939967 57941.0 6
1731164940035 191.0 7
1731164940067 383.0 7
1731164940099 580.0 7
1731164940139 774.0 7
1731164940181 972.0 7
1731164940212 1167.0 7
1731164940239 1364.0 7
1731164940270 1558.0 7
1731164940298 1753.0 7
1731164940323 1950.0 7
1731164940348 2144.0 7
1731164940378 2338.0 7
1731164940404 2532.0 7
1731164940436 2729.0 7
1731164940464 2922.0 7
1731164940494 3118.0 7
1731164940522 3312.0 7
1731164940558 3504.0 7
1731164940588 3701.0 7
1731164940621 3896.0 7
1731164940651 4093.0 7
1731164940686 4287.0 7
1731164940723 4482.0 7
1731164940750 4676.0 7
1731164940785 4874.0 7
1731164940813 5066.0 7
1731164940843 5258.0 7
1731164940879 5451.0 7
1731164940913 5637.0 7
1731164940947 5829.0 7
1731164940977 6021.0 7
1731164941011 6215.0 7
1731164941035 6406.0 7
1731164941074 6600.0 7
1731164941103 6794.0 7
1731164941138 6988.0 7
1731164941170 7179.0 7
1731164941209 7370.0 7
1731164941265 7564.0 7
1731164941292 7757.0 7
1731164941332 7954.0 7
1731164941376 8149.0 7
1731164941447 8341.0 7
1731164941484 8536.0 7
1731164941516 8733.0 7
1731164941552 8926.0 7
1731164941601 9121.0 7
1731164941633 9314.0 7
1731164941669 9506.0 7
1731164941697 9699.0 7
1731164941724 9895.0 7
1731164941750 10089.0 7
1731164941780 10282.0 7
1731164941813 10475.0 7
1731164941849 10671.0 7
1731164941879 10863.0 7
1731164941917 11054.0 7
1731164941952 11248.0 7
1731164941993 11434.0 7
1731164942029 11632.0 7
1731164942056 11827.0 7
1731164942086 12020.0 7
1731164942111 12211.0 7
1731164942143 12403.0 7
1731164942175 12595.0 7
1731164942209 12790.0 7
1731164942249 12984.0 7
1731164942288 13177.0 7
1731164942329 13369.0 7
1731164942381 13563.0 7
1731164942425 13760.0 7
1731164942469 13955.0 7
1731164942508 14150.0 7
1731164942548 14340.0 7
1731164942586 14535.0 7
1731164942633 14725.0 7
1731164942675 14918.0 7
1731164942711 15111.0 7
1731164942756 15307.0 7
1731164942790 15492.0 7
1731164942816 15683.0 7
1731164942842 15874.0 7
1731164942871 16068.0 7
1731164942898 16259.0 7
1731164942933 16457.0 7
1731164942968 16650.0 7
1731164943001 16842.0 7
1731164943033 17040.0 7
1731164943068 17235.0 7
1731164943105 17430.0 7
1731164943136 17618.0 7
1731164943166 17814.0 7
1731164943193 18009.0 7
1731164943222 18202.0 7
1731164943257 18392.0 7
1731164943288 18587.0 7
1731164943335 18781.0 7
1731164943377 18974.0 7
1731164943422 19162.0 7
1731164943468 19356.0 7
1731164943502 19549.0 7
1731164943538 19738.0 7
1731164943681 19929.0 7
1731164943723 20127.0 7
1731164943753 20321.0 7
1731164943781 20516.0 7
1731164943809 20709.0 7
1731164943835 20898.0 7
1731164943864 21092.0 7
1731164943909 21289.0 7
1731164943972 21481.0 7
1731164944002 21676.0 7
1731164944065 21872.0 7
1731164944105 22067.0 7
1731164944160 22256.0 7
1731164944199 22451.0 7
1731164944232 22649.0 7
1731164944259 22840.0 7
1731164944289 23034.0 7
1731164944320 23227.0 7
1731164944351 23423.0 7
1731164944383 23621.0 7
1731164944413 23817.0 7
1731164944490 24012.0 7
1731164944547 24206.0 7
1731164944599 24405.0 7
1731164944642 24594.0 7
1731164944715 24789.0 7
1731164944805 24983.0 7
1731164944841 25177.0 7
1731164944873 25375.0 7
1731164944907 25572.0 7
1731164944938 25765.0 7
1731164944973 25958.0 7
1731164945003 26153.0 7
1731164945036 26351.0 7
1731164945070 26543.0 7
1731164945098 26739.0 7
1731164945131 26935.0 7
1731164945173 27126.0 7
1731164945244 27321.0 7
1731164945281 27514.0 7
1731164945326 27711.0 7
1731164945360 27901.0 7
1731164945407 28089.0 7
1731164945443 28285.0 7
1731164945485 28475.0 7
1731164945533 28669.0 7
1731164945577 28861.0 7
1731164945606 29055.0 7
1731164945636 29249.0 7
1731164945666 29442.0 7
1731164945700 29631.0 7
1731164945744 29824.0 7
1731164945770 30018.0 7
1731164945802 30212.0 7
1731164945840 30408.0 7
1731164945868 30603.0 7
1731164945900 30796.0 7
1731164945941 30991.0 7
1731164945992 31182.0 7
1731164946030 31372.0 7
1731164946060 31563.0 7
1731164946116 31757.0 7
1731164946155 31950.0 7
1731164946192 32140.0 7
1731164946225 32332.0 7
1731164946259 32525.0 7
1731164946295 32718.0 7
1731164946326 32911.0 7
1731164946356 33099.0 7
1731164946386 33292.0 7
1731164946414 33486.0 7
1731164946444 33678.0 7
1731164946474 33872.0 7
1731164946507 34062.0 7
1731164946538 34257.0 7
1731164946565 34451.0 7
1731164946598 34643.0 7
1731164946638 34838.0 7
1731164946725 35029.0 7
1731164946765 35224.0 7
1731164946800 35419.0 7
1731164946831 35613.0 7
1731164946856 35805.0 7
1731164946883 36000.0 7
1731164946912 36194.0 7
1731164946949 36389.0 7
1731164946973 36585.0 7
1731164946998 36782.0 7
1731164947025 36977.0 7
1731164947064 37171.0 7
1731164947104 37363.0 7
1731164947144 37557.0 7
1731164947178 37749.0 7
1731164947210 37943.0 7
1731164947245 38135.0 7
1731164947273 38328.0 7
1731164947311 38524.0 7
1731164947379 38715.0 7
1731164947426 38906.0 7
1731164947461 39096.0 7
1731164947506 39290.0 7
1731164947542 39485.0 7
1731164947574 39673.0 7
1731164947606 39864.0 7
1731164947635 40057.0 7
1731164947661 40254.0 7
1731164947697 40446.0 7
1731164947735 40644.0 7
1731164947776 40838.0 7
1731164947805 41033.0 7
1731164947832 41225.0 7
1731164947860 41416.0 7
1731164947891 41608.0 7
1731164947923 41799.0 7
1731164947964 41997.0 7
1731164948011 42192.0 7
1731164948053 42383.0 7
1731164948088 42576.0 7
1731164948120 42770.0 7
1731164948153 42961.0 7
1731164948186 43158.0 7
1731164948218 43354.0 7
1731164948250 43547.0 7
1731164948276 43742.0 7
1731164948301 43939.0 7
1731164948334 44136.0 7
1731164948365 44331.0 7
1731164948392 44523.0 7
1731164948421 44714.0 7
1731164948448 44910.0 7
1731164948482 45107.0 7
1731164948508 45299.0 7
1731164948535 45493.0 7
1731164948565 45680.0 7
1731164948595 45877.0 7
1731164948628 46067.0 7
1731164948667 46259.0 7
1731164948701 46452.0 7
1731164948738 46643.0 7
1731164948772 46837.0 7
1731164948809 47029.0 7
1731164948840 47222.0 7
1731164948870 47412.0 7
1731164948897 47604.0 7
1731164948929 47797.0 7
1731164948972 47990.0 7
1731164949008 48184.0 7
1731164949033 48378.0 7
1731164949118 48567.0 7
1731164949149 48760.0 7
1731164949177 48954.0 7
1731164949202 49148.0 7
1731164949229 49344.0 7
1731164949253 49540.0 7
1731164949277 49738.0 7
1731164949303 49931.0 7
1731164949329 50122.0 7
1731164949357 50312.0 7
1731164949381 50503.0 7
1731164949404 50701.0 7
1731164949430 50894.0 7
1731164949465 51085.0 7
1731164949488 51277.0 7
1731164949512 51467.0 7
1731164949549 51661.0 7
1731164949572 51857.0 7
1731164949598 52044.0 7
1731164949624 52237.0 7
1731164949651 52432.0 7
1731164949678 52629.0 7
1731164949703 52822.0 7
1731164949729 53011.0 7
1731164949756 53204.0 7
1731164949783 53398.0 7
1731164949813 53592.0 7
1731164949846 53788.0 7
1731164949876 53980.0 7
1731164949903 54173.0 7
1731164949927 54367.0 7
1731164949954 54559.0 7
1731164949981 54755.0 7
1731164950004 54949.0 7
1731164950031 55142.0 7
1731164950069 55337.0 7
1731164950102 55528.0 7
1731164950138 55721.0 7
1731164950190 55913.0 7
1731164950229 56104.0 7
1731164950260 56292.0 7
1731164950293 56483.0 7
1731164950322 56679.0 7
1731164950353 56871.0 7
1731164950391 57063.0 7
1731164950434 57258.0 7
1731164950464 57448.0 7
1731164950504 57642.0 7
1731164950541 57830.0 7
1731164950577 58016.0 7
1731164950640 193.0 8
1731164950669 389.0 8
1731164950699 582.0 8
1731164950726 775.0 8
1731164950754 970.0 8
1731164950783 1167.0 8
1731164950810 1359.0 8
1731164950881 1556.0 8
1731164950910 1751.0 8
1731164950939 1945.0 8
1731164950974 2142.0 8
1731164951006 2338.0 8
1731164951053 2530.0 8
1731164951087 2725.0 8
1731164951138 2921.0 8
1731164951185 3114.0 8
1731164951234 3305.0 8
1731164951274 3501.0 8
1731164951318 3697.0 8
1731164951368 3891.0 8
1731164951418 4088.0 8
1731164951449 4280.0 8
1731164951480 4475.0 8
1731164951509 4673.0 8
1731164951540 4869.0 8
1731164951583 5064.0 8
1731164951613 5260.0 8
1731164951643 5454.0 8
1731164951684 5649.0 8
1731164951716 5841.0 8
1731164951751 6035.0 8
1731164951783 6229.0 8
1731164951816 6423.0 8
1731164951855 6621.0 8
1731164951892 6819.0 8
1731164951932 7011.0 8
1731164951975 7204.0 8
1731164952014 7400.0 8
1731164952058 7596.0 8
1731164952103 7788.0 8
1731164952154 7983.0 8
1731164952192 8174.0 8
1731164952239 8367.0 8
1731164952284 8558.0 8
1731164952320 8754.0 8
1731164952353 8950.0 8
1731164952382 9144.0 8
1731164952409 9337.0 8
1731164952438 9524.0 8
1731164952465 9718.0 8
1731164952494 9909.0 8
1731164952530 10105.0 8
1731164952560 10301.0 8
1731164952586 10495.0 8
1731164952622 10692.0 8
1731164952648 10886.0 8
1731164952675 11078.0 8
1731164952701 11268.0 8
1731164952727 11461.0 8
1731164952752 11654.0 8
1731164952782 11844.0 8
1731164952806 12034.0 8
1731164952832 12228.0 8
1731164952858 12423.0 8
1731164952889 12617.0 8
1731164952921 12813.0 8
1731164952954 13008.0 8
1731164952988 13199.0 8
1731164953019 13392.0 8
1731164953060 13582.0 8
1731164953097 13772.0 8
1731164953128 13964.0 8
1731164953167 14160.0 8
1731164953193 14354.0 8
1731164953233 14550.0 8
1731164953269 14742.0 8
1731164953300 14932.0 8
1731164953336 15126.0 8
1731164953367 15326.0 8
1731164953392 15520.0 8
1731164953422 15713.0 8
1731164953449 15907.0 8
1731164953476 16100.0 8
1731164953501 16290.0 8
1731164953528 16484.0 8
1731164953568 16677.0 8
1731164953603 16866.0 8
1731164953643 17063.0 8
1731164953669 17260.0 8
1731164953705 17452.0 8
1731164953743 17644.0 8
1731164953775 17838.0 8
1731164953811 18030.0 8
1731164953837 18223.0 8
1731164953866 18419.0 8
1731164953893 18612.0 8
1731164953940 18805.0 8
1731164953975 19001.0 8
1731164954008 19195.0 8
1731164954043 19387.0 8
1731164954068 19582.0 8
1731164954096 19778.0 8
1731164954127 19967.0 8
1731164954151 20160.0 8
1731164954179 20353.0 8
1731164954208 20549.0 8
1731164954245 20743.0 8
1731164954276 20930.0 8
1731164954304 21126.0 8
1731164954338 21317.0 8
1731164954372 21514.0 8
1731164954402 21703.0 8
1731164954437 21896.0 8
1731164954466 22094.0 8
1731164954496 22292.0 8
1731164954531 22485.0 8
1731164954567 22678.0 8
1731164954607 22870.0 8
1731164954645 23065.0 8
1731164954681 23263.0 8
1731164954719 23456.0 8
1731164954759 23651.0 8
1731164954791 23848.0 8
1731164954818 24038.0 8
1731164954844 24230.0 8
1731164954879 24424.0 8
1731164954911 24618.0 8
1731164954938 24814.0 8
1731164954962 25009.0 8
1731164954991 25203.0 8
1731164955015 25399.0 8
1731164955042 25587.0 8
1731164955080 25783.0 8
1731164955110 25976.0 8
1731164955136 26168.0 8
1731164955165 26362.0 8
1731164955201 26559.0 8
1731164955231 26754.0 8
1731164955263 26944.0 8
1731164955291 27135.0 8
1731164955317 27330.0 8
1731164955342 27527.0 8
1731164955369 27722.0 8
1731164955396 27916.0 8
1731164955426 28109.0 8
1731164955454 28304.0 8
1731164955489 28503.0 8
1731164955520 28697.0 8
1731164955550 28892.0 8
1731164955575 29085.0 8
1731164955601 29276.0 8
1731164955630 29472.0 8
1731164955654 29666.0 8
1731164955682 29861.0 8
1731164955710 30056.0 8
1731164955741 30248.0 8
1731164955780 30446.0 8
1731164955813 30642.0 8
1731164955850 30836.0 8
1731164955887 31028.0 8
1731164955921 31216.0 8
1731164955950 31408.0 8
1731164955976 31601.0 8
1731164956002 31794.0 8
1731164956027 31982.0 8
1731164956055 32173.0 8
1731164956092 32367.0 8
1731164956135 32562.0 8
1731164956168 32759.0 8
1731164956199 32954.0 8
1731164956223 33148.0 8
1731164956252 33342.0 8
1731164956277 33538.0 8
1731164956302 33733.0 8
1731164956329 33931.0 8
1731164956357 34124.0 8
1731164956385 34321.0 8
1731164956417 34512.0 8
1731164956459 34707.0 8
1731164956492 34901.0 8
1731164956520 35097.0 8
1731164956552 35291.0 8
1731164956586 35482.0 8
1731164956621 35679.0 8
1731164956655 35874.0 8
1731164956697 36064.0 8
1731164956729 36258.0 8
1731164956765 36451.0 8
1731164956810 36647.0 8
1731164956834 36839.0 8
1731164956860 37031.0 8
1731164956887 37227.0 8
1731164956912 37420.0 8
1731164956940 37615.0 8
1731164956981 37809.0 8
1731164957011 38002.0 8
1731164957041 38200.0 8
1731164957085 38391.0 8
1731164957116 38586.0 8
1731164957147 38780.0 8
1731164957177 38972.0 8
1731164957202 39167.0 8
1731164957227 39357.0 8
1731164957254 39554.0 8
1731164957281 39748.0 8
1731164957309 39942.0 8
1731164957340 40130.0 8
1731164957380 40323.0 8
1731164957410 40518.0 8
1731164957445 40709.0 8
1731164957489 40902.0 8
1731164957517 41094.0 8
1731164957546 41289.0 8
1731164957591 41479.0 8
1731164957620 41672.0 8
1731164957654 41863.0 8
1731164957688 42052.0 8
1731164957714 42245.0 8
1731164957736 42435.0 8
1731164957762 42626.0 8
1731164957789 42821.0 8
1731164957814 43017.0 8
1731164957843 43208.0 8
1731164957869 43403.0 8
1731164957897 43600.0 8
1731164957935 43795.0 8
1731164957964 43987.0 8
1731164958000 44183.0 8
1731164958040 44374.0 8
1731164958068 44565.0 8
1731164958097 44759.0 8
1731164958126 44952.0 8
1731164958153 45145.0 8
1731164958179 45339.0 8
1731164958206 45533.0 8
1731164958231 45726.0 8
1731164958259 45921.0 8
1731164958288 46110.0 8
1731164958321 46300.0 8
1731164958348 46487.0 8
1731164958379 46676.0 8
1731164958418 46869.0 8
1731164958461 47063.0 8
1731164958492 47257.0 8
1731164958525 47449.0 8
1731164958560 47643.0 8
1731164958608 47834.0 8
1731164958695 48024.0 8
1731164958725 48212.0 8
1731164958754 48406.0 8
1731164958780 48597.0 8
1731164958807 48789.0 8
1731164958838 48980.0 8
1731164958870 49173.0 8
1731164958924 49369.0 8
1731164958970 49562.0 8
1731164959013 49755.0 8
1731164959036 49947.0 8
1731164959070 50141.0 8
1731164959097 50334.0 8
1731164959123 50528.0 8
1731164959155 50720.0 8
1731164959186 50916.0 8
1731164959213 51106.0 8
1731164959245 51296.0 8
1731164959273 51492.0 8
1731164959302 51687.0 8
1731164959327 51885.0 8
1731164959357 52076.0 8
1731164959385 52265.0 8
1731164959411 52459.0 8
1731164959436 52656.0 8
1731164959471 52845.0 8
1731164959501 53040.0 8
1731164959529 53231.0 8
1731164959564 53424.0 8
1731164959598 53619.0 8
1731164959649 53813.0 8
1731164959685 54005.0 8
1731164959786 54200.0 8
1731164959819 54389.0 8
1731164959863 54587.0 8
1731164959908 54782.0 8
1731164959945 54971.0 8
1731164959979 55164.0 8
1731164960030 55359.0 8
1731164960082 55553.0 8
1731164960109 55748.0 8
1731164960139 55941.0 8
1731164960179 56135.0 8
1731164960208 56330.0 8
1731164960237 56528.0 8
1731164960270 56723.0 8
1731164960303 56914.0 8
1731164960332 57107.0 8
1731164960365 57303.0 8
1731164960399 57497.0 8
1731164960435 57693.0 8
1731164960476 57890.0 8
1731164960510 58082.0 8
1731164960564 193.0 9
1731164960590 387.0 9
1731164960614 577.0 9
1731164960642 770.0 9
1731164960669 966.0 9
1731164960704 1163.0 9
1731164960740 1357.0 9
1731164960777 1548.0 9
1731164960816 1743.0 9
1731164960866 1930.0 9
1731164960907 2123.0 9
1731164960940 2317.0 9
1731164960970 2510.0 9
1731164961005 2700.0 9
1731164961040 2894.0 9
1731164961074 3088.0 9
1731164961109 3282.0 9
1731164961142 3475.0 9
1731164961173 3667.0 9
1731164961204 3862.0 9
1731164961235 4057.0 9
1731164961271 4254.0 9
1731164961296 4448.0 9
1731164961332 4645.0 9
1731164961359 4844.0 9
1731164961393 5035.0 9
1731164961419 5224.0 9
1731164961444 5416.0 9
1731164961469 5612.0 9
1731164961493 5806.0 9
1731164961520 6001.0 9
1731164961546 6199.0 9
1731164961578 6394.0 9
1731164961614 6583.0 9
1731164961648 6775.0 9
1731164961678 6968.0 9
1731164961712 7167.0 9
1731164961741 7362.0 9
1731164961770 7559.0 9
1731164961814 7755.0 9
1731164961842 7946.0 9
1731164961865 8141.0 9
1731164961893 8335.0 9
1731164961924 8527.0 9
1731164961954 8724.0 9
1731164961989 8915.0 9
1731164962017 9110.0 9
1731164962049 9305.0 9
1731164962079 9499.0 9
1731164962105 9692.0 9
1731164962131 9887.0 9
1731164962157 10076.0 9
1731164962184 10271.0 9
1731164962210 10465.0 9
1731164962239 10657.0 9
1731164962266 10850.0 9
1731164962299 11040.0 9
1731164962331 11229.0 9
1731164962362 11424.0 9
1731164962387 11620.0 9
1731164962417 11809.0 9
1731164962447 12004.0 9
1731164962485 12198.0 9
1731164962523 12393.0 9
1731164962559 12588.0 9
1731164962596 12781.0 9
1731164962628 12976.0 9
1731164962670 13162.0 9
1731164962699 13355.0 9
1731164962723 13551.0 9
1731164962758 13746.0 9
1731164962788 13940.0 9
1731164962827 14136.0 9
1731164962863 14329.0 9
1731164962901 14521.0 9
1731164962935 14712.0 9
1731164962959 14908.0 9
1731164962986 15097.0 9
1731164963012 15288.0 9
1731164963036 15479.0 9
1731164963065 15673.0 9
1731164963095 15867.0 9
1731164963123 16060.0 9
1731164963151 16254.0 9
1731164963187 16449.0 9
1731164963215 16645.0 9
1731164963256 16837.0 9
1731164963290 17031.0 9
1731164963337 17225.0 9
1731164963378 17419.0 9
1731164963420 17613.0 9
1731164963452 17805.0 9
1731164963476 18001.0 9
1731164963501 18190.0 9
1731164963528 18383.0 9
1731164963553 18578.0 9
1731164963586 18773.0 9
1731164963612 18966.0 9
1731164963640 19157.0 9
1731164963674 19351.0 9
1731164963704 19548.0 9
1731164963737 19745.0 9
1731164963774 19941.0 9
1731164963811 20140.0 9
1731164963845 20336.0 9
1731164963877 20529.0 9
1731164963906 20726.0 9
1731164963936 20920.0 9
1731164963962 21116.0 9
1731164963989 21311.0 9
1731164964015 21506.0 9
1731164964041 21703.0 9
1731164964067 21896.0 9
1731164964093 22088.0 9
1731164964120 22281.0 9
1731164964145 22472.0 9
1731164964170 22666.0 9
1731164964198 22857.0 9
1731164964227 23051.0 9
1731164964266 23242.0 9
1731164964301 23435.0 9
1731164964328 23628.0 9
1731164964355 23822.0 9
1731164964385 24012.0 9
1731164964416 24207.0 9
1731164964445 24406.0 9
1731164964478 24598.0 9
1731164964509 24787.0 9
1731164964546 24983.0 9
1731164964574 25174.0 9
1731164964600 25370.0 9
1731164964637 25561.0 9
1731164964667 25755.0 9
1731164964693 25952.0 9
1731164964730 26145.0 9
1731164964765 26342.0 9
1731164964791 26536.0 9
1731164964825 26732.0 9
1731164964850 26931.0 9
1731164964874 27124.0 9
1731164964901 27318.0 9
1731164964933 27513.0 9
1731164964966 27710.0 9
1731164964998 27903.0 9
1731164965030 28096.0 9
1731164965062 28288.0 9
1731164965086 28481.0 9
1731164965112 28675.0 9
1731164965139 28861.0 9
1731164965171 29057.0 9
1731164965204 29250.0 9
1731164965236 29445.0 9
1731164965264 29639.0 9
1731164965294 29832.0 9
1731164965321 30026.0 9
1731164965353 30224.0 9
1731164965390 30422.0 9
1731164965420 30618.0 9
1731164965446 30816.0 9
1731164965470 31010.0 9
1731164965495 31206.0 9
1731164965520 31399.0 9
1731164965548 31594.0 9
1731164965574 31790.0 9
1731164965600 31983.0 9
1731164965625 32179.0 9
1731164965649 32375.0 9
1731164965673 32566.0 9
1731164965705 32759.0 9
1731164965735 32950.0 9
1731164965768 33142.0 9
1731164965807 33341.0 9
1731164965840 33537.0 9
1731164965869 33730.0 9
1731164965901 33924.0 9
1731164965936 34118.0 9
1731164965974 34312.0 9
1731164966004 34509.0 9
1731164966035 34705.0 9
1731164966068 34901.0 9
1731164966101 35093.0 9
1731164966135 35281.0 9
1731164966169 35474.0 9
1731164966251 35671.0 9
1731164966293 35864.0 9
1731164966330 36057.0 9
1731164966379 36253.0 9
1731164966403 36446.0 9
1731164966430 36641.0 9
1731164966478 36834.0 9
1731164966515 37025.0 9
1731164966542 37221.0 9
1731164966574 37412.0 9
1731164966601 37606.0 9
1731164966628 37800.0 9
1731164966657 37991.0 9
1731164966690 38180.0 9
1731164966735 38373.0 9
1731164966812 38570.0 9
1731164966845 38764.0 9
1731164966878 38958.0 9
1731164966908 39154.0 9
1731164966942 39351.0 9
1731164966975 39547.0 9
1731164967005 39738.0 9
1731164967036 39934.0 9
1731164967069 40128.0 9
1731164967099 40324.0 9
1731164967125 40515.0 9
1731164967156 40708.0 9
1731164967192 40903.0 9
1731164967222 41093.0 9
1731164967255 41280.0 9
1731164967293 41473.0 9
1731164967325 41670.0 9
1731164967358 41862.0 9
1731164967391 42054.0 9
1731164967419 42252.0 9
1731164967460 42445.0 9
1731164967496 42638.0 9
1731164967525 42833.0 9
1731164967559 43022.0 9
1731164967588 43218.0 9
1731164967612 43408.0 9
1731164967638 43604.0 9
1731164967662 43794.0 9
1731164967688 43990.0 9
1731164967718 44180.0 9
1731164967746 44376.0 9
1731164967778 44567.0 9
1731164967808 44761.0 9
1731164967838 44954.0 9
1731164967876 45147.0 9
1731164967912 45341.0 9
1731164967943 45535.0 9
1731164967969 45728.0 9
1731164967996 45921.0 9
1731164968021 46114.0 9
1731164968048 46304.0 9
1731164968079 46500.0 9
1731164968108 46693.0 9
1731164968143 46885.0 9
1731164968174 47081.0 9
1731164968202 47276.0 9
1731164968227 47468.0 9
1731164968253 47667.0 9
1731164968281 47863.0 9
1731164968308 48056.0 9
1731164968337 48250.0 9
1731164968368 48444.0 9
1731164968396 48641.0 9
1731164968434 48835.0 9
1731164968469 49029.0 9
1731164968501 49220.0 9
1731164968532 49416.0 9
1731164968572 49611.0 9
1731164968596 49805.0 9
1731164968621 49995.0 9
1731164968644 50191.0 9
1731164968669 50385.0 9
1731164968698 50576.0 9
1731164968736 50769.0 9
1731164968767 50962.0 9
1731164968795 51155.0 9
1731164968825 51351.0 9
1731164968851 51542.0 9
1731164968879 51740.0 9
1731164968904 51937.0 9
1731164968930 52133.0 9
1731164968969 52323.0 9
1731164968997 52517.0 9
1731164969030 52705.0 9
1731164969056 52901.0 9
1731164969087 53098.0 9
1731164969122 53292.0 9
1731164969155 53483.0 9
1731164969195 53675.0 9
1731164969228 53869.0 9
1731164969261 54059.0 9
1731164969293 54254.0 9
1731164969325 54453.0 9
1731164969359 54646.0 9
1731164969391 54841.0 9
1731164969433 55035.0 9
1731164969468 55225.0 9
1731164969509 55421.0 9
1731164969540 55612.0 9
1731164969585 55805.0 9
1731164969622 56001.0 9
1731164969657 56195.0 9
1731164969710 56390.0 9
1731164969753 56579.0 9
1731164969795 56777.0 9
1731164969823 56966.0 9
1731164969849 57163.0 9
1731164969873 57357.0 9
1731164969907 57549.0 9
1731164969935 57741.0 9
1731164969967 57936.0 9
1731164970002 58133.0 9
