1731165785902 23.0 0
1731165785955 61.0 0
1731165786000 129.0 0
1731165786036 196.0 0
1731165786071 259.0 0
1731165786101 345.0 0
1731165786190 432.0 0
1731165786239 536.0 0
1731165786294 648.0 0
1731165786373 765.0 0
1731165786411 871.0 0
1731165786453 977.0 0
1731165786484 1111.0 0
1731165786522 1246.0 0
1731165786544 1387.0 0
1731165786572 1532.0 0
1731165786597 1681.0 0
1731165786644 1838.0 0
1731165786699 1995.0 0
1731165786741 2147.0 0
1731165786788 2289.0 0
1731165786825 2438.0 0
1731165786850 2584.0 0
1731165786876 2736.0 0
1731165786900 2886.0 0
1731165786932 3047.0 0
1731165786973 3199.0 0
1731165787005 3355.0 0
1731165787089 3502.0 0
1731165787156 3651.0 0
1731165787213 3814.0 0
1731165787237 3977.0 0
1731165787272 4139.0 0
1731165787308 4307.0 0
1731165787345 4471.0 0
1731165787398 4628.0 0
1731165787430 4797.0 0
1731165787468 4961.0 0
1731165787493 5136.0 0
1731165787532 5301.0 0
1731165787557 5475.0 0
1731165787591 5647.0 0
1731165787650 5822.0 0
1731165787689 5991.0 0
1731165787723 6159.0 0
1731165787760 6329.0 0
1731165787795 6508.0 0
1731165787822 6688.0 0
1731165787847 6866.0 0
1731165787871 7042.0 0
1731165787903 7220.0 0
1731165787928 7390.0 0
1731165787951 7564.0 0
1731165787975 7732.0 0
1731165788001 7916.0 0
1731165788027 8090.0 0
1731165788051 8259.0 0
1731165788086 8436.0 0
1731165788115 8615.0 0
1731165788147 8798.0 0
1731165788173 8984.0 0
1731165788202 9158.0 0
1731165788227 9340.0 0
1731165788253 9517.0 0
1731165788276 9691.0 0
1731165788311 9868.0 0
1731165788349 10044.0 0
1731165788383 10227.0 0
1731165788410 10413.0 0
1731165788440 10600.0 0
1731165788470 10777.0 0
1731165788507 10955.0 0
1731165788544 11137.0 0
1731165788581 11320.0 0
1731165788613 11494.0 0
1731165788647 11677.0 0
1731165788678 11860.0 0
1731165788709 12045.0 0
1731165788751 12223.0 0
1731165788783 12406.0 0
1731165788822 12590.0 0
1731165788877 12772.0 0
1731165788926 12949.0 0
1731165788963 13130.0 0
1731165789011 13302.0 0
1731165789049 13479.0 0
1731165789082 13662.0 0
1731165789107 13843.0 0
1731165789149 14021.0 0
1731165789185 14202.0 0
1731165789212 14373.0 0
1731165789247 14555.0 0
1731165789302 14740.0 0
1731165789332 14925.0 0
1731165789367 15108.0 0
1731165789402 15285.0 0
1731165789432 15465.0 0
1731165789466 15648.0 0
1731165789503 15831.0 0
1731165789525 16014.0 0
1731165789550 16195.0 0
1731165789575 16379.0 0
1731165789606 16558.0 0
1731165789639 16740.0 0
1731165789681 16923.0 0
1731165789736 17101.0 0
1731165789780 17284.0 0
1731165789815 17462.0 0
1731165789844 17640.0 0
1731165789879 17822.0 0
1731165789914 17998.0 0
1731165789955 18180.0 0
1731165789996 18367.0 0
1731165790034 18547.0 0
1731165790064 18730.0 0
1731165790095 18917.0 0
1731165790135 19105.0 0
1731165790167 19286.0 0
1731165790199 19470.0 0
1731165790224 19645.0 0
1731165790294 19826.0 0
1731165790331 20006.0 0
1731165790367 20191.0 0
1731165790402 20374.0 0
1731165790431 20550.0 0
1731165790464 20726.0 0
1731165790493 20910.0 0
1731165790538 21088.0 0
1731165790568 21274.0 0
1731165790609 21456.0 0
1731165790646 21635.0 0
1731165790675 21817.0 0
1731165790716 21995.0 0
1731165790742 22173.0 0
1731165790779 22351.0 0
1731165790812 22537.0 0
1731165790841 22720.0 0
1731165790883 22906.0 0
1731165790913 23080.0 0
1731165790946 23257.0 0
1731165790977 23439.0 0
1731165791010 23616.0 0
1731165791077 23799.0 0
1731165791114 23985.0 0
1731165791156 24157.0 0
1731165791186 24345.0 0
1731165791213 24523.0 0
1731165791240 24709.0 0
1731165791264 24883.0 0
1731165791310 25067.0 0
1731165791346 25240.0 0
1731165791395 25425.0 0
1731165791421 25612.0 0
1731165791494 25798.0 0
1731165791532 25975.0 0
1731165791568 26161.0 0
1731165791596 26342.0 0
1731165791630 26524.0 0
1731165791661 26705.0 0
1731165791694 26883.0 0
1731165791724 27071.0 0
1731165791748 27251.0 0
1731165791772 27430.0 0
1731165791804 27612.0 0
1731165791835 27794.0 0
1731165791866 27970.0 0
1731165791903 28162.0 0
1731165791935 28345.0 0
1731165791969 28523.0 0
1731165792028 28703.0 0
1731165792065 28883.0 0
1731165792091 29068.0 0
1731165792124 29258.0 0
1731165792152 29442.0 0
1731165792199 29619.0 0
1731165792231 29802.0 0
1731165792261 29988.0 0
1731165792314 30173.0 0
1731165792360 30362.0 0
1731165792389 30539.0 0
1731165792426 30725.0 0
1731165792455 30906.0 0
1731165792479 31091.0 0
1731165792513 31268.0 0
1731165792588 31455.0 0
1731165792645 31642.0 0
1731165792688 31822.0 0
1731165792714 32003.0 0
1731165792748 32188.0 0
1731165792801 32362.0 0
1731165792892 32543.0 0
1731165792946 32725.0 0
1731165792988 32912.0 0
1731165793029 33093.0 0
1731165793061 33279.0 0
1731165793102 33462.0 0
1731165793143 33642.0 0
1731165793168 33824.0 0
1731165793212 34007.0 0
1731165793279 34191.0 0
1731165793308 34368.0 0
1731165793338 34549.0 0
1731165793371 34725.0 0
1731165793395 34913.0 0
1731165793431 35094.0 0
1731165793486 35277.0 0
1731165793528 35459.0 0
1731165793564 35638.0 0
1731165793611 35816.0 0
1731165793654 36000.0 0
1731165793681 36182.0 0
1731165793728 36369.0 0
1731165793755 36554.0 0
1731165793800 36737.0 0
1731165793845 36919.0 0
1731165793891 37105.0 0
1731165793939 37285.0 0
1731165793973 37470.0 0
1731165794015 37654.0 0
1731165794076 37841.0 0
1731165794142 38027.0 0
1731165794210 38209.0 0
1731165794246 38397.0 0
1731165794285 38585.0 0
1731165794313 38772.0 0
1731165794341 38955.0 0
1731165794380 39133.0 0
1731165794415 39313.0 0
1731165794492 39499.0 0
1731165794529 39692.0 0
1731165794593 39877.0 0
1731165794623 40066.0 0
1731165794649 40251.0 0
1731165794684 40438.0 0
1731165794716 40611.0 0
1731165794757 40794.0 0
1731165794792 40980.0 0
1731165794828 41167.0 0
1731165794886 41356.0 0
1731165794913 41544.0 0
1731165794943 41722.0 0
1731165794983 41900.0 0
1731165795017 42082.0 0
1731165795049 42268.0 0
1731165795074 42447.0 0
1731165795098 42633.0 0
1731165795129 42810.0 0
1731165795156 42999.0 0
1731165795197 43186.0 0
1731165795240 43369.0 0
1731165795276 43553.0 0
1731165795312 43733.0 0
1731165795362 43921.0 0
1731165795390 44103.0 0
1731165795436 44288.0 0
1731165795501 44466.0 0
1731165795534 44648.0 0
1731165795566 44827.0 0
1731165795590 45004.0 0
1731165795642 45192.0 0
1731165795747 45379.0 0
1731165795782 45569.0 0
1731165795810 45752.0 0
1731165795835 45937.0 0
1731165795874 46125.0 0
1731165795905 46308.0 0
1731165795964 46492.0 0
1731165795996 46672.0 0
1731165796046 46856.0 0
1731165796089 47043.0 0
1731165796139 47233.0 0
1731165796179 47422.0 0
1731165796455 47607.0 0
1731165796529 47791.0 0
1731165796564 47976.0 0
1731165796691 48162.0 0
1731165796823 48348.0 0
1731165796863 48531.0 0
1731165796917 48715.0 0
1731165797018 48893.0 0
1731165797077 49077.0 0
1731165797126 49260.0 0
1731165797165 49446.0 0
1731165797254 49629.0 0
1731165797319 49817.0 0
1731165797349 50002.0 0
1731165797383 50186.0 0
1731165797419 50364.0 0
1731165797530 50552.0 0
1731165797657 50728.0 0
1731165797685 50915.0 0
1731165797716 51094.0 0
1731165797744 51278.0 0
1731165797775 51462.0 0
1731165797829 51646.0 0
1731165797867 51830.0 0
1731165797926 52011.0 0
1731165797975 52193.0 0
1731165798040 52371.0 0
1731165798067 52553.0 0
1731165798115 185.0 1
1731165798147 376.0 1
1731165798172 561.0 1
1731165798203 746.0 1
1731165798234 926.0 1
1731165798256 1108.0 1
1731165798287 1291.0 1
1731165798351 1476.0 1
1731165798385 1662.0 1
1731165798413 1851.0 1
1731165798464 2038.0 1
1731165798526 2220.0 1
1731165798577 2405.0 1
1731165798606 2596.0 1
1731165798639 2781.0 1
1731165798684 2966.0 1
1731165798725 3160.0 1
1731165798761 3346.0 1
1731165798805 3533.0 1
1731165798851 3715.0 1
1731165798892 3899.0 1
1731165798919 4083.0 1
1731165798945 4263.0 1
1731165798971 4448.0 1
1731165799000 4628.0 1
1731165799028 4811.0 1
1731165799062 4999.0 1
1731165799094 5186.0 1
1731165799129 5374.0 1
1731165799162 5563.0 1
1731165799193 5751.0 1
1731165799221 5943.0 1
1731165799253 6133.0 1
1731165799291 6322.0 1
1731165799364 6510.0 1
1731165799405 6693.0 1
1731165799440 6884.0 1
1731165799485 7074.0 1
1731165799524 7260.0 1
1731165799552 7445.0 1
1731165799579 7632.0 1
1731165799604 7820.0 1
1731165799634 8006.0 1
1731165799668 8190.0 1
1731165799704 8376.0 1
1731165799742 8568.0 1
1731165799769 8749.0 1
1731165799799 8935.0 1
1731165799837 9119.0 1
1731165799880 9304.0 1
1731165799918 9493.0 1
1731165799947 9677.0 1
1731165799975 9861.0 1
1731165800003 10053.0 1
1731165800041 10238.0 1
1731165800080 10427.0 1
1731165800108 10610.0 1
1731165800148 10798.0 1
1731165800176 10986.0 1
1731165800213 11170.0 1
1731165800245 11354.0 1
1731165800273 11537.0 1
1731165800304 11722.0 1
1731165800334 11911.0 1
1731165800390 12093.0 1
1731165800416 12280.0 1
1731165800441 12472.0 1
1731165800465 12654.0 1
1731165800493 12844.0 1
1731165800525 13028.0 1
1731165800560 13215.0 1
1731165800587 13403.0 1
1731165800618 13589.0 1
1731165800646 13770.0 1
1731165800693 13954.0 1
1731165800737 14136.0 1
1731165800775 14323.0 1
1731165800808 14513.0 1
1731165800834 14703.0 1
1731165800857 14897.0 1
1731165800889 15088.0 1
1731165800914 15277.0 1
1731165800944 15458.0 1
1731165800974 15650.0 1
1731165801003 15831.0 1
1731165801037 16017.0 1
1731165801065 16199.0 1
1731165801093 16384.0 1
1731165801119 16570.0 1
1731165801160 16751.0 1
1731165801202 16939.0 1
1731165801229 17133.0 1
1731165801260 17315.0 1
1731165801327 17499.0 1
1731165801377 17682.0 1
1731165801407 17863.0 1
1731165801435 18051.0 1
1731165801460 18241.0 1
1731165801489 18426.0 1
1731165801514 18606.0 1
1731165801543 18788.0 1
1731165801583 18976.0 1
1731165801612 19161.0 1
1731165801644 19353.0 1
1731165801676 19537.0 1
1731165801713 19723.0 1
1731165801743 19904.0 1
1731165801779 20089.0 1
1731165801821 20268.0 1
1731165801856 20455.0 1
1731165801887 20642.0 1
1731165801930 20827.0 1
1731165801961 21010.0 1
1731165801996 21201.0 1
1731165802077 21391.0 1
1731165802101 21575.0 1
1731165802129 21758.0 1
1731165802160 21941.0 1
1731165802198 22128.0 1
1731165802244 22312.0 1
1731165802273 22495.0 1
1731165802317 22679.0 1
1731165802350 22857.0 1
1731165802378 23045.0 1
1731165802421 23234.0 1
1731165802476 23426.0 1
1731165802507 23609.0 1
1731165802550 23795.0 1
1731165802589 23982.0 1
1731165802629 24169.0 1
1731165802675 24351.0 1
1731165802722 24546.0 1
1731165802761 24735.0 1
1731165802791 24920.0 1
1731165802822 25103.0 1
1731165802856 25288.0 1
1731165802886 25478.0 1
1731165802915 25661.0 1
1731165802942 25852.0 1
1731165802976 26035.0 1
1731165803018 26222.0 1
1731165803081 26410.0 1
1731165803106 26597.0 1
1731165803154 26782.0 1
1731165803191 26969.0 1
1731165803235 27158.0 1
1731165803277 27344.0 1
1731165803306 27536.0 1
1731165803335 27726.0 1
1731165803360 27913.0 1
1731165803392 28100.0 1
1731165803440 28289.0 1
1731165803492 28475.0 1
1731165803536 28663.0 1
1731165803562 28845.0 1
1731165803614 29036.0 1
1731165803653 29224.0 1
1731165803694 29414.0 1
1731165803730 29601.0 1
1731165803769 29788.0 1
1731165803817 29966.0 1
1731165803875 30151.0 1
1731165803913 30337.0 1
1731165803942 30520.0 1
1731165803964 30704.0 1
1731165804003 30893.0 1
1731165804075 31083.0 1
1731165804147 31270.0 1
1731165804193 31449.0 1
1731165804228 31635.0 1
1731165804279 31816.0 1
1731165804314 32002.0 1
1731165804340 32192.0 1
1731165804365 32380.0 1
1731165804390 32568.0 1
1731165804496 32750.0 1
1731165804537 32933.0 1
1731165804619 33122.0 1
1731165804657 33309.0 1
1731165804696 33492.0 1
1731165804726 33673.0 1
1731165804754 33853.0 1
1731165804797 34044.0 1
1731165804835 34234.0 1
1731165804879 34420.0 1
1731165804908 34602.0 1
1731165804938 34778.0 1
1731165804966 34964.0 1
1731165804995 35146.0 1
1731165805027 35329.0 1
1731165805060 35515.0 1
1731165805094 35698.0 1
1731165805149 35886.0 1
1731165805175 36069.0 1
1731165805201 36256.0 1
1731165805227 36449.0 1
1731165805260 36635.0 1
1731165805297 36825.0 1
1731165805334 37013.0 1
1731165805375 37197.0 1
1731165805415 37386.0 1
1731165805450 37570.0 1
1731165805501 37763.0 1
1731165805535 37943.0 1
1731165805561 38134.0 1
1731165805591 38324.0 1
1731165805623 38511.0 1
1731165805649 38693.0 1
1731165805679 38881.0 1
1731165805731 39074.0 1
1731165805800 39268.0 1
1731165805841 39461.0 1
1731165805888 39654.0 1
1731165805921 39845.0 1
1731165805950 40034.0 1
1731165805982 40217.0 1
1731165806008 40408.0 1
1731165806045 40601.0 1
1731165806085 40790.0 1
1731165806120 40977.0 1
1731165806171 41167.0 1
1731165806211 41351.0 1
1731165806243 41545.0 1
1731165806279 41730.0 1
1731165806320 41922.0 1
1731165806353 42109.0 1
1731165806386 42288.0 1
1731165806422 42477.0 1
1731165806448 42665.0 1
1731165806472 42851.0 1
1731165806500 43041.0 1
1731165806539 43230.0 1
1731165806598 43410.0 1
1731165806640 43598.0 1
1731165806680 43788.0 1
1731165806712 43974.0 1
1731165806749 44156.0 1
1731165806781 44343.0 1
1731165806817 44533.0 1
1731165806868 44716.0 1
1731165806901 44901.0 1
1731165806932 45094.0 1
1731165806959 45282.0 1
1731165806990 45474.0 1
1731165807019 45659.0 1
1731165807054 45839.0 1
1731165807086 46032.0 1
1731165807123 46219.0 1
1731165807163 46407.0 1
1731165807199 46603.0 1
1731165807242 46789.0 1
1731165807280 46976.0 1
1731165807306 47157.0 1
1731165807335 47347.0 1
1731165807367 47538.0 1
1731165807407 47720.0 1
1731165807448 47913.0 1
1731165807484 48099.0 1
1731165807519 48286.0 1
1731165807543 48475.0 1
1731165807570 48659.0 1
1731165807595 48847.0 1
1731165807619 49031.0 1
1731165807644 49215.0 1
1731165807672 49407.0 1
1731165807709 49588.0 1
1731165807737 49776.0 1
1731165807776 49962.0 1
1731165807806 50146.0 1
1731165807838 50332.0 1
1731165807874 50511.0 1
1731165807906 50699.0 1
1731165807938 50882.0 1
1731165807967 51068.0 1
1731165808004 51254.0 1
1731165808039 51443.0 1
1731165808068 51628.0 1
1731165808095 51816.0 1
1731165808120 52006.0 1
1731165808146 52196.0 1
1731165808184 52385.0 1
1731165808225 52568.0 1
1731165808258 52750.0 1
1731165808285 52938.0 1
1731165808310 53126.0 1
1731165808336 53318.0 1
1731165808361 53501.0 1
1731165808390 53687.0 1
1731165808429 53872.0 1
1731165808465 54059.0 1
1731165808495 54239.0 1
1731165808524 54412.0 1
1731165808554 54592.0 1
1731165808588 54776.0 1
1731165808622 54964.0 1
1731165808657 55149.0 1
1731165808694 55333.0 1
1731165808731 55522.0 1
1731165808762 55712.0 1
1731165808790 55900.0 1
1731165808835 189.0 2
1731165808873 374.0 2
1731165808900 559.0 2
1731165808935 748.0 2
1731165808972 939.0 2
1731165809017 1127.0 2
1731165809075 1317.0 2
1731165809102 1502.0 2
1731165809132 1691.0 2
1731165809158 1869.0 2
1731165809183 2061.0 2
1731165809209 2247.0 2
1731165809233 2433.0 2
1731165809263 2620.0 2
1731165809292 2812.0 2
1731165809321 2999.0 2
1731165809347 3189.0 2
1731165809374 3378.0 2
1731165809403 3554.0 2
1731165809436 3743.0 2
1731165809481 3935.0 2
1731165809514 4123.0 2
1731165809538 4309.0 2
1731165809566 4495.0 2
1731165809590 4681.0 2
1731165809616 4874.0 2
1731165809643 5060.0 2
1731165809675 5247.0 2
1731165809706 5431.0 2
1731165809737 5619.0 2
1731165809769 5811.0 2
1731165809800 5999.0 2
1731165809832 6188.0 2
1731165809859 6371.0 2
1731165809886 6555.0 2
1731165809916 6746.0 2
1731165809975 6938.0 2
1731165810022 7126.0 2
1731165810107 7312.0 2
1731165810132 7503.0 2
1731165810163 7694.0 2
1731165810197 7881.0 2
1731165810232 8067.0 2
1731165810260 8255.0 2
1731165810296 8446.0 2
1731165810329 8633.0 2
1731165810359 8823.0 2
1731165810396 9011.0 2
1731165810432 9202.0 2
1731165810465 9392.0 2
1731165810495 9573.0 2
1731165810524 9756.0 2
1731165810550 9944.0 2
1731165810582 10127.0 2
1731165810607 10310.0 2
1731165810632 10497.0 2
1731165810663 10685.0 2
1731165810725 10871.0 2
1731165810766 11057.0 2
1731165810793 11239.0 2
1731165810820 11428.0 2
1731165810854 11616.0 2
1731165810883 11803.0 2
1731165810923 11995.0 2
1731165810982 12184.0 2
1731165811023 12373.0 2
1731165811070 12562.0 2
1731165811101 12750.0 2
1731165811141 12940.0 2
1731165811183 13124.0 2
1731165811219 13313.0 2
1731165811245 13502.0 2
1731165811277 13686.0 2
1731165811418 13879.0 2
1731165811559 14068.0 2
1731165811752 14254.0 2
1731165811802 14441.0 2
1731165811872 14625.0 2
1731165811919 14807.0 2
1731165811959 14998.0 2
1731165811985 15187.0 2
1731165812011 15378.0 2
1731165812042 15572.0 2
1731165812085 15763.0 2
1731165812121 15951.0 2
1731165812149 16137.0 2
1731165812184 16323.0 2
1731165812219 16515.0 2
1731165812252 16708.0 2
1731165812282 16896.0 2
1731165812344 17086.0 2
1731165812388 17275.0 2
1731165812425 17465.0 2
1731165812463 17655.0 2
1731165812504 17841.0 2
1731165812544 18033.0 2
1731165812584 18229.0 2
1731165812624 18421.0 2
1731165812669 18611.0 2
1731165812713 18803.0 2
1731165812764 18991.0 2
1731165812796 19182.0 2
1731165812843 19367.0 2
1731165812875 19557.0 2
1731165812907 19745.0 2
1731165812939 19934.0 2
1731165812970 20121.0 2
1731165813002 20313.0 2
1731165813037 20503.0 2
1731165813067 20688.0 2
1731165813101 20874.0 2
1731165813132 21059.0 2
1731165813169 21243.0 2
1731165813193 21430.0 2
1731165813224 21620.0 2
1731165813266 21811.0 2
1731165813309 21997.0 2
1731165813349 22181.0 2
1731165813388 22366.0 2
1731165813419 22550.0 2
1731165813445 22740.0 2
1731165813471 22928.0 2
1731165813497 23121.0 2
1731165813527 23305.0 2
1731165813553 23492.0 2
1731165813587 23683.0 2
1731165813617 23870.0 2
1731165813670 24057.0 2
1731165813697 24247.0 2
1731165813726 24441.0 2
1731165813754 24632.0 2
1731165813781 24826.0 2
1731165813813 25015.0 2
1731165813844 25208.0 2
1731165813883 25400.0 2
1731165813915 25590.0 2
1731165813953 25783.0 2
1731165813995 25969.0 2
1731165814026 26160.0 2
1731165814059 26351.0 2
1731165814089 26541.0 2
1731165814129 26733.0 2
1731165814161 26923.0 2
1731165814195 27118.0 2
1731165814225 27306.0 2
1731165814257 27495.0 2
1731165814290 27681.0 2
1731165814324 27870.0 2
1731165814351 28065.0 2
1731165814385 28259.0 2
1731165814416 28442.0 2
1731165814441 28633.0 2
1731165814479 28819.0 2
1731165814510 29001.0 2
1731165814540 29190.0 2
1731165814579 29373.0 2
1731165814620 29559.0 2
1731165814648 29745.0 2
1731165814679 29934.0 2
1731165814709 30122.0 2
1731165814744 30309.0 2
1731165814776 30505.0 2
1731165814803 30694.0 2
1731165814840 30882.0 2
1731165814878 31071.0 2
1731165814928 31255.0 2
1731165814976 31440.0 2
1731165815016 31629.0 2
1731165815057 31816.0 2
1731165815086 32002.0 2
1731165815113 32187.0 2
1731165815144 32376.0 2
1731165815169 32562.0 2
1731165815194 32747.0 2
1731165815219 32937.0 2
1731165815245 33124.0 2
1731165815271 33317.0 2
1731165815296 33504.0 2
1731165815346 33687.0 2
1731165815380 33880.0 2
1731165815414 34070.0 2
1731165815451 34253.0 2
1731165815486 34440.0 2
1731165815514 34630.0 2
1731165815561 34820.0 2
1731165815589 35009.0 2
1731165815621 35197.0 2
1731165815661 35384.0 2
1731165815704 35569.0 2
1731165815742 35760.0 2
1731165815777 35942.0 2
1731165815812 36132.0 2
1731165815848 36324.0 2
1731165815893 36510.0 2
1731165815929 36698.0 2
1731165815959 36890.0 2
1731165815988 37081.0 2
1731165816023 37270.0 2
1731165816048 37455.0 2
1731165816073 37642.0 2
1731165816101 37828.0 2
1731165816125 38020.0 2
1731165816151 38211.0 2
1731165816179 38404.0 2
1731165816208 38595.0 2
1731165816236 38781.0 2
1731165816263 38970.0 2
1731165816298 39161.0 2
1731165816383 39346.0 2
1731165816418 39534.0 2
1731165816454 39722.0 2
1731165816483 39908.0 2
1731165816513 40093.0 2
1731165816547 40275.0 2
1731165816587 40462.0 2
1731165816677 40652.0 2
1731165816718 40841.0 2
1731165816759 41033.0 2
1731165816785 41222.0 2
1731165816812 41405.0 2
1731165816837 41589.0 2
1731165816867 41781.0 2
1731165816896 41968.0 2
1731165816924 42157.0 2
1731165816954 42340.0 2
1731165816982 42534.0 2
1731165817009 42723.0 2
1731165817046 42910.0 2
1731165817080 43102.0 2
1731165817119 43291.0 2
1731165817151 43482.0 2
1731165817177 43674.0 2
1731165817205 43861.0 2
1731165817238 44053.0 2
1731165817266 44242.0 2
1731165817310 44438.0 2
1731165817360 44621.0 2
1731165817407 44805.0 2
1731165817446 44993.0 2
1731165817492 45183.0 2
1731165817534 45365.0 2
1731165817563 45557.0 2
1731165817588 45740.0 2
1731165817616 45931.0 2
1731165817646 46121.0 2
1731165817684 46307.0 2
1731165817722 46490.0 2
1731165817758 46683.0 2
1731165817786 46874.0 2
1731165817829 47063.0 2
1731165817863 47252.0 2
1731165817892 47443.0 2
1731165817922 47634.0 2
1731165817948 47829.0 2
1731165817974 48012.0 2
1731165818002 48205.0 2
1731165818031 48397.0 2
1731165818064 48585.0 2
1731165818099 48774.0 2
1731165818129 48963.0 2
1731165818170 49153.0 2
1731165818211 49341.0 2
1731165818241 49531.0 2
1731165818268 49721.0 2
1731165818300 49912.0 2
1731165818330 50101.0 2
1731165818362 50287.0 2
1731165818392 50475.0 2
1731165818425 50664.0 2
1731165818462 50856.0 2
1731165818493 51040.0 2
1731165818525 51227.0 2
1731165818554 51417.0 2
1731165818580 51609.0 2
1731165818604 51799.0 2
1731165818631 51989.0 2
1731165818664 52174.0 2
1731165818716 52359.0 2
1731165818750 52553.0 2
1731165818784 52742.0 2
1731165818820 52933.0 2
1731165818854 53122.0 2
1731165818880 53311.0 2
1731165818908 53497.0 2
1731165818937 53690.0 2
1731165818964 53882.0 2
1731165818999 54077.0 2
1731165819029 54269.0 2
1731165819059 54457.0 2
1731165819105 54646.0 2
1731165819132 54836.0 2
1731165819162 55027.0 2
1731165819195 55218.0 2
1731165819222 55410.0 2
1731165819243 55594.0 2
1731165819274 55778.0 2
1731165819300 55968.0 2
1731165819330 56159.0 2
1731165819396 56350.0 2
1731165819422 56537.0 2
1731165819461 186.0 3
1731165819487 375.0 3
1731165819513 560.0 3
1731165819542 748.0 3
1731165819574 939.0 3
1731165819609 1128.0 3
1731165819636 1314.0 3
1731165819680 1502.0 3
1731165819715 1688.0 3
1731165819748 1876.0 3
1731165819796 2060.0 3
1731165819849 2250.0 3
1731165819878 2441.0 3
1731165819922 2631.0 3
1731165819955 2823.0 3
1731165819987 3014.0 3
1731165820021 3207.0 3
1731165820045 3399.0 3
1731165820072 3589.0 3
1731165820113 3781.0 3
1731165820137 3969.0 3
1731165820169 4158.0 3
1731165820206 4347.0 3
1731165820240 4538.0 3
1731165820275 4730.0 3
1731165820299 4919.0 3
1731165820326 5109.0 3
1731165820351 5297.0 3
1731165820376 5481.0 3
1731165820406 5667.0 3
1731165820433 5858.0 3
1731165820463 6051.0 3
1731165820624 6246.0 3
1731165820665 6438.0 3
1731165820707 6628.0 3
1731165820737 6813.0 3
1731165820763 7004.0 3
1731165820789 7188.0 3
1731165820817 7381.0 3
1731165820843 7572.0 3
1731165820867 7762.0 3
1731165820893 7947.0 3
1731165820932 8138.0 3
1731165820966 8326.0 3
1731165821008 8518.0 3
1731165821035 8704.0 3
1731165821059 8888.0 3
1731165821106 9076.0 3
1731165821130 9270.0 3
1731165821154 9463.0 3
1731165821180 9655.0 3
1731165821226 9849.0 3
1731165821269 10040.0 3
1731165821313 10228.0 3
1731165821351 10421.0 3
1731165821394 10616.0 3
1731165821433 10800.0 3
1731165821466 10988.0 3
1731165821499 11182.0 3
1731165821527 11372.0 3
1731165821557 11559.0 3
1731165821581 11749.0 3
1731165821607 11938.0 3
1731165821635 12125.0 3
1731165821662 12317.0 3
1731165821694 12506.0 3
1731165821717 12700.0 3
1731165821749 12888.0 3
1731165821786 13079.0 3
1731165821821 13267.0 3
1731165821848 13458.0 3
1731165821885 13646.0 3
1731165821912 13835.0 3
1731165821938 14023.0 3
1731165821967 14216.0 3
1731165821991 14409.0 3
1731165822018 14594.0 3
1731165822042 14786.0 3
1731165822067 14974.0 3
1731165822095 15169.0 3
1731165822120 15359.0 3
1731165822148 15553.0 3
1731165822184 15743.0 3
1731165822219 15933.0 3
1731165822259 16125.0 3
1731165822295 16312.0 3
1731165822330 16501.0 3
1731165822365 16694.0 3
1731165822403 16886.0 3
1731165822431 17073.0 3
1731165822456 17264.0 3
1731165822482 17455.0 3
1731165822508 17647.0 3
1731165822532 17839.0 3
1731165822566 18032.0 3
1731165822596 18222.0 3
1731165822629 18408.0 3
1731165822667 18594.0 3
1731165822705 18784.0 3
1731165822757 18977.0 3
1731165822785 19170.0 3
1731165822812 19362.0 3
1731165822837 19553.0 3
1731165822865 19747.0 3
1731165822892 19938.0 3
1731165822928 20131.0 3
1731165822955 20320.0 3
1731165822986 20508.0 3
1731165823016 20690.0 3
1731165823046 20876.0 3
1731165823084 21060.0 3
1731165823112 21248.0 3
1731165823152 21440.0 3
1731165823182 21628.0 3
1731165823207 21823.0 3
1731165823236 22017.0 3
1731165823261 22202.0 3
1731165823297 22394.0 3
1731165823332 22584.0 3
1731165823365 22773.0 3
1731165823397 22963.0 3
1731165823424 23155.0 3
1731165823448 23345.0 3
1731165823476 23533.0 3
1731165823503 23727.0 3
1731165823535 23915.0 3
1731165823584 24104.0 3
1731165823616 24293.0 3
1731165823652 24478.0 3
1731165823680 24664.0 3
1731165823711 24855.0 3
1731165823735 25047.0 3
1731165823768 25233.0 3
1731165823794 25422.0 3
1731165823823 25607.0 3
1731165823849 25790.0 3
1731165823875 25975.0 3
1731165823910 26170.0 3
1731165823952 26361.0 3
1731165823991 26551.0 3
1731165824036 26743.0 3
1731165824083 26925.0 3
1731165824129 27117.0 3
1731165824175 27303.0 3
1731165824209 27494.0 3
1731165824247 27680.0 3
1731165824288 27866.0 3
1731165824335 28054.0 3
1731165824366 28247.0 3
1731165824408 28436.0 3
1731165824436 28628.0 3
1731165824461 28817.0 3
1731165824485 29005.0 3
1731165824514 29195.0 3
1731165824541 29380.0 3
1731165824566 29574.0 3
1731165824595 29763.0 3
1731165824622 29954.0 3
1731165824651 30142.0 3
1731165824699 30337.0 3
1731165824739 30532.0 3
1731165824772 30724.0 3
1731165824806 30917.0 3
1731165824834 31099.0 3
1731165824863 31285.0 3
1731165824890 31477.0 3
1731165824918 31670.0 3
1731165824942 31853.0 3
1731165824967 32038.0 3
1731165824998 32231.0 3
1731165825024 32419.0 3
1731165825048 32614.0 3
1731165825073 32807.0 3
1731165825110 32996.0 3
1731165825134 33179.0 3
1731165825160 33363.0 3
1731165825194 33553.0 3
1731165825221 33742.0 3
1731165825260 33927.0 3
1731165825308 34116.0 3
1731165825342 34306.0 3
1731165825386 34499.0 3
1731165825429 34689.0 3
1731165825490 34872.0 3
1731165825525 35058.0 3
1731165825553 35251.0 3
1731165825584 35443.0 3
1731165825629 35629.0 3
1731165825657 35811.0 3
1731165825691 36005.0 3
1731165825726 36189.0 3
1731165825770 36378.0 3
1731165825797 36570.0 3
1731165825822 36756.0 3
1731165825848 36944.0 3
1731165825876 37133.0 3
1731165825904 37321.0 3
1731165825937 37509.0 3
1731165825969 37700.0 3
1731165826007 37890.0 3
1731165826039 38079.0 3
1731165826073 38274.0 3
1731165826108 38466.0 3
1731165826146 38656.0 3
1731165826179 38849.0 3
1731165826207 39041.0 3
1731165826233 39233.0 3
1731165826275 39422.0 3
1731165826346 39615.0 3
1731165826380 39803.0 3
1731165826416 39997.0 3
1731165826476 40193.0 3
1731165826504 40382.0 3
1731165826531 40574.0 3
1731165826560 40762.0 3
1731165826601 40953.0 3
1731165826633 41140.0 3
1731165826660 41327.0 3
1731165826686 41511.0 3
1731165826719 41700.0 3
1731165826777 41893.0 3
1731165826971 42082.0 3
1731165827012 42270.0 3
1731165827097 42458.0 3
1731165827129 42646.0 3
1731165827180 42838.0 3
1731165827207 43025.0 3
1731165827238 43209.0 3
1731165827474 43401.0 3
1731165827634 43590.0 3
1731165827851 43777.0 3
1731165828028 43970.0 3
1731165828140 44152.0 3
1731165828211 44341.0 3
1731165828333 44533.0 3
1731165828499 44724.0 3
1731165828552 44915.0 3
1731165828674 45106.0 3
1731165828748 45304.0 3
1731165828816 45494.0 3
1731165828941 45687.0 3
1731165829099 45880.0 3
1731165829219 46070.0 3
1731165829309 46262.0 3
1731165829447 46447.0 3
1731165829505 46634.0 3
1731165829545 46829.0 3
1731165829585 47015.0 3
1731165829620 47207.0 3
1731165829665 47391.0 3
1731165829702 47581.0 3
1731165829736 47773.0 3
1731165829762 47967.0 3
1731165829798 48157.0 3
1731165829874 48355.0 3
1731165829936 48545.0 3
1731165829967 48731.0 3
1731165830037 48917.0 3
1731165830067 49107.0 3
1731165830099 49300.0 3
1731165830129 49485.0 3
1731165830157 49675.0 3
1731165830183 49863.0 3
1731165830213 50050.0 3
1731165830251 50236.0 3
1731165830275 50430.0 3
1731165830305 50618.0 3
1731165830338 50807.0 3
1731165830368 51000.0 3
1731165830398 51183.0 3
1731165830424 51372.0 3
1731165830459 51555.0 3
1731165830492 51745.0 3
1731165830530 51936.0 3
1731165830579 52128.0 3
1731165830624 52320.0 3
1731165830669 52507.0 3
1731165830699 52701.0 3
1731165830731 52890.0 3
1731165830752 53081.0 3
1731165830782 53270.0 3
1731165830817 53460.0 3
1731165830851 53648.0 3
1731165830881 53838.0 3
1731165830930 54025.0 3
1731165830975 54218.0 3
1731165831027 54406.0 3
1731165831057 54597.0 3
1731165831089 54791.0 3
1731165831129 54982.0 3
1731165831159 55173.0 3
1731165831213 55364.0 3
1731165831249 55555.0 3
1731165831286 55745.0 3
1731165831318 55937.0 3
1731165831352 56129.0 3
1731165831385 56314.0 3
1731165831409 56501.0 3
1731165831435 56693.0 3
1731165831460 56884.0 3
1731165831502 193.0 4
1731165831531 384.0 4
1731165831570 569.0 4
1731165831598 758.0 4
1731165831654 944.0 4
1731165831680 1129.0 4
1731165831707 1313.0 4
1731165831733 1504.0 4
1731165831757 1696.0 4
1731165831784 1889.0 4
1731165831813 2072.0 4
1731165831847 2266.0 4
1731165831872 2453.0 4
1731165831901 2646.0 4
1731165831939 2837.0 4
1731165831976 3024.0 4
1731165832015 3210.0 4
1731165832045 3404.0 4
1731165832104 3595.0 4
1731165832134 3779.0 4
1731165832172 3962.0 4
1731165832202 4151.0 4
1731165832235 4338.0 4
1731165832263 4532.0 4
1731165832288 4727.0 4
1731165832317 4912.0 4
1731165832342 5096.0 4
1731165832375 5289.0 4
1731165832404 5481.0 4
1731165832434 5671.0 4
1731165832471 5856.0 4
1731165832515 6048.0 4
1731165832552 6236.0 4
1731165832584 6428.0 4
1731165832627 6616.0 4
1731165832667 6808.0 4
1731165832696 6999.0 4
1731165832801 7190.0 4
1731165832844 7382.0 4
1731165832871 7574.0 4
1731165832896 7766.0 4
1731165832935 7960.0 4
1731165833052 8148.0 4
1731165833086 8338.0 4
1731165833121 8531.0 4
1731165833150 8722.0 4
1731165833177 8909.0 4
1731165833223 9104.0 4
1731165833262 9300.0 4
1731165833293 9492.0 4
1731165833322 9682.0 4
1731165833366 9870.0 4
1731165833403 10060.0 4
1731165833445 10240.0 4
1731165833473 10429.0 4
1731165833507 10615.0 4
1731165833544 10804.0 4
1731165833720 10998.0 4
1731165833746 11193.0 4
1731165833772 11385.0 4
1731165833814 11581.0 4
1731165833855 11770.0 4
1731165833904 11957.0 4
1731165833992 12150.0 4
1731165834023 12342.0 4
1731165834068 12533.0 4
1731165834106 12729.0 4
1731165834145 12919.0 4
1731165834194 13104.0 4
1731165834272 13296.0 4
1731165834301 13489.0 4
1731165834327 13677.0 4
1731165834356 13872.0 4
1731165834383 14064.0 4
1731165834409 14253.0 4
1731165834455 14442.0 4
1731165834522 14636.0 4
1731165834561 14827.0 4
1731165834593 15017.0 4
1731165834624 15212.0 4
1731165834666 15405.0 4
1731165834716 15591.0 4
1731165834756 15781.0 4
1731165834790 15968.0 4
1731165834823 16159.0 4
1731165834864 16351.0 4
1731165834896 16536.0 4
1731165834929 16723.0 4
1731165834962 16908.0 4
1731165834992 17098.0 4
1731165835025 17293.0 4
1731165835053 17486.0 4
1731165835081 17677.0 4
1731165835113 17868.0 4
1731165835150 18058.0 4
1731165835184 18255.0 4
1731165835213 18449.0 4
1731165835242 18640.0 4
1731165835272 18824.0 4
1731165835302 19018.0 4
1731165835337 19212.0 4
1731165835372 19407.0 4
1731165835411 19602.0 4
1731165835447 19794.0 4
1731165835505 19988.0 4
1731165835539 20178.0 4
1731165835567 20371.0 4
1731165835597 20561.0 4
1731165835631 20755.0 4
1731165835666 20947.0 4
1731165835711 21139.0 4
1731165835749 21329.0 4
1731165835790 21521.0 4
1731165835853 21712.0 4
1731165835891 21904.0 4
1731165835923 22093.0 4
1731165835952 22288.0 4
1731165836007 22472.0 4
1731165836083 22661.0 4
1731165836237 22853.0 4
1731165836306 23044.0 4
1731165836362 23236.0 4
1731165836410 23430.0 4
1731165836475 23614.0 4
1731165836553 23801.0 4
1731165836651 23987.0 4
1731165836719 24177.0 4
1731165836808 24369.0 4
1731165836898 24559.0 4
1731165836974 24749.0 4
1731165837024 24935.0 4
1731165837055 25119.0 4
1731165837132 25314.0 4
1731165837174 25501.0 4
1731165837206 25693.0 4
1731165837269 25882.0 4
1731165837331 26076.0 4
1731165837401 26264.0 4
1731165837441 26457.0 4
1731165837476 26647.0 4
1731165837506 26837.0 4
1731165837535 27026.0 4
1731165837565 27222.0 4
1731165837606 27409.0 4
1731165837640 27600.0 4
1731165837669 27792.0 4
1731165837696 27985.0 4
1731165837721 28172.0 4
1731165837745 28355.0 4
1731165837769 28548.0 4
1731165837794 28738.0 4
1731165837820 28930.0 4
1731165837845 29116.0 4
1731165837876 29299.0 4
1731165837901 29489.0 4
1731165837933 29671.0 4
1731165838084 29861.0 4
1731165838154 30044.0 4
1731165838185 30226.0 4
1731165838218 30413.0 4
1731165838242 30605.0 4
1731165838266 30795.0 4
1731165838299 30980.0 4
1731165838336 31170.0 4
1731165838369 31357.0 4
1731165838405 31550.0 4
1731165838443 31743.0 4
1731165838481 31936.0 4
1731165838523 32126.0 4
1731165838553 32312.0 4
1731165838581 32502.0 4
1731165838611 32687.0 4
1731165838721 32874.0 4
1731165838783 33067.0 4
1731165838822 33249.0 4
1731165838849 33437.0 4
1731165838874 33624.0 4
1731165838898 33812.0 4
1731165838934 33999.0 4
1731165838965 34190.0 4
1731165839003 34380.0 4
1731165839056 34570.0 4
1731165839103 34762.0 4
1731165839156 34952.0 4
1731165839197 35136.0 4
1731165839226 35321.0 4
1731165839259 35517.0 4
1731165839300 35708.0 4
1731165839358 35899.0 4
1731165839399 36094.0 4
1731165839424 36288.0 4
1731165839452 36474.0 4
1731165839484 36666.0 4
1731165839517 36856.0 4
1731165839562 37044.0 4
1731165839630 37239.0 4
1731165839673 37430.0 4
1731165839722 37616.0 4
1731165839768 37809.0 4
1731165839830 38003.0 4
1731165839880 38195.0 4
1731165839920 38388.0 4
1731165839980 38578.0 4
1731165840013 38761.0 4
1731165840065 38957.0 4
1731165840091 39145.0 4
1731165840207 39336.0 4
1731165840237 39528.0 4
1731165840301 39719.0 4
1731165840343 39909.0 4
1731165840367 40097.0 4
1731165840395 40292.0 4
1731165840422 40483.0 4
1731165840450 40672.0 4
1731165840482 40865.0 4
1731165840517 41057.0 4
1731165840545 41245.0 4
1731165840570 41436.0 4
1731165840600 41629.0 4
1731165840636 41817.0 4
1731165840663 42009.0 4
1731165840690 42195.0 4
1731165840719 42384.0 4
1731165840746 42575.0 4
1731165840779 42771.0 4
1731165840808 42962.0 4
1731165840834 43148.0 4
1731165840946 43341.0 4
1731165840981 43530.0 4
1731165841008 43718.0 4
1731165841042 43907.0 4
1731165841073 44099.0 4
1731165841108 44291.0 4
1731165841142 44481.0 4
1731165841175 44667.0 4
1731165841200 44858.0 4
1731165841259 45048.0 4
1731165841290 45238.0 4
1731165841327 45429.0 4
1731165841361 45616.0 4
1731165841395 45808.0 4
1731165841427 45998.0 4
1731165841463 46190.0 4
1731165841493 46378.0 4
1731165841526 46574.0 4
1731165841562 46758.0 4
1731165841593 46945.0 4
1731165841620 47137.0 4
1731165841651 47327.0 4
1731165841684 47514.0 4
1731165841726 47702.0 4
1731165841761 47893.0 4
1731165841806 48087.0 4
1731165841856 48276.0 4
1731165841910 48465.0 4
1731165841949 48656.0 4
1731165841992 48848.0 4
1731165842033 49031.0 4
1731165842072 49221.0 4
1731165842106 49411.0 4
1731165842132 49603.0 4
1731165842159 49795.0 4
1731165842187 49984.0 4
1731165842212 50176.0 4
1731165842239 50368.0 4
1731165842264 50560.0 4
1731165842291 50749.0 4
1731165842319 50936.0 4
1731165842349 51127.0 4
1731165842379 51320.0 4
1731165842404 51510.0 4
1731165842434 51702.0 4
1731165842467 51892.0 4
1731165842496 52087.0 4
1731165842533 52285.0 4
1731165842556 52477.0 4
1731165842586 52670.0 4
1731165842615 52864.0 4
1731165842641 53046.0 4
1731165842669 53240.0 4
1731165842700 53430.0 4
1731165842728 53617.0 4
1731165842754 53807.0 4
1731165842783 53998.0 4
1731165842812 54187.0 4
1731165842845 54379.0 4
1731165842872 54574.0 4
1731165842908 54763.0 4
1731165842948 54950.0 4
1731165842997 55138.0 4
1731165843035 55333.0 4
1731165843080 55514.0 4
1731165843127 55708.0 4
1731165843202 55903.0 4
1731165843233 56088.0 4
1731165843377 56274.0 4
1731165843414 56465.0 4
1731165843443 56654.0 4
1731165843472 56845.0 4
1731165843500 57037.0 4
1731165843547 193.0 5
1731165843580 383.0 5
1731165843624 571.0 5
1731165843668 766.0 5
1731165843718 958.0 5
1731165843760 1152.0 5
1731165843801 1348.0 5
1731165843834 1534.0 5
1731165843866 1719.0 5
1731165843898 1903.0 5
1731165844005 2093.0 5
1731165844030 2284.0 5
1731165844067 2473.0 5
1731165844092 2659.0 5
1731165844121 2855.0 5
1731165844148 3047.0 5
1731165844199 3240.0 5
1731165844248 3433.0 5
1731165844347 3625.0 5
1731165844419 3815.0 5
1731165844500 4012.0 5
1731165844524 4203.0 5
1731165844565 4400.0 5
1731165844614 4593.0 5
1731165844655 4784.0 5
1731165844682 4980.0 5
1731165844711 5167.0 5
1731165844740 5359.0 5
1731165844773 5552.0 5
1731165844802 5743.0 5
1731165844832 5935.0 5
1731165844888 6128.0 5
1731165844929 6322.0 5
1731165844973 6515.0 5
1731165845006 6708.0 5
1731165845033 6899.0 5
1731165845082 7089.0 5
1731165845124 7276.0 5
1731165845157 7465.0 5
1731165845187 7657.0 5
1731165845218 7848.0 5
1731165845243 8040.0 5
1731165845268 8232.0 5
1731165845298 8423.0 5
1731165845343 8612.0 5
1731165845379 8809.0 5
1731165845411 9003.0 5
1731165845436 9196.0 5
1731165845462 9382.0 5
1731165845489 9572.0 5
1731165845517 9761.0 5
1731165845556 9955.0 5
1731165845588 10145.0 5
1731165845625 10334.0 5
1731165845659 10523.0 5
1731165845690 10716.0 5
1731165845715 10906.0 5
1731165845746 11095.0 5
1731165845773 11281.0 5
1731165845808 11471.0 5
1731165845849 11663.0 5
1731165845889 11854.0 5
1731165845922 12046.0 5
1731165845960 12237.0 5
1731165845992 12432.0 5
1731165846022 12620.0 5
1731165846056 12815.0 5
1731165846088 13007.0 5
1731165846125 13201.0 5
1731165846159 13392.0 5
1731165846187 13585.0 5
1731165846214 13776.0 5
1731165846240 13968.0 5
1731165846269 14159.0 5
1731165846299 14347.0 5
1731165846330 14540.0 5
1731165846358 14734.0 5
1731165846393 14922.0 5
1731165846429 15115.0 5
1731165846460 15306.0 5
1731165846491 15498.0 5
1731165846522 15691.0 5
1731165846550 15881.0 5
1731165846574 16074.0 5
1731165846647 16261.0 5
1731165846674 16445.0 5
1731165846704 16637.0 5
1731165846728 16832.0 5
1731165846753 17025.0 5
1731165846779 17219.0 5
1731165846805 17408.0 5
1731165846830 17601.0 5
1731165846862 17791.0 5
1731165846885 17985.0 5
1731165846912 18178.0 5
1731165846943 18369.0 5
1731165846973 18560.0 5
1731165847007 18755.0 5
1731165847038 18944.0 5
1731165847070 19136.0 5
1731165847102 19329.0 5
1731165847130 19517.0 5
1731165847171 19711.0 5
1731165847199 19906.0 5
1731165847329 20099.0 5
1731165847385 20292.0 5
1731165847413 20479.0 5
1731165847447 20671.0 5
1731165847477 20859.0 5
1731165847514 21041.0 5
1731165847541 21236.0 5
1731165847576 21420.0 5
1731165847605 21611.0 5
1731165847634 21795.0 5
1731165847667 21989.0 5
1731165847693 22181.0 5
1731165847722 22373.0 5
1731165847746 22564.0 5
1731165847772 22761.0 5
1731165847807 22953.0 5
1731165847853 23142.0 5
1731165847902 23336.0 5
1731165847953 23527.0 5
1731165847988 23720.0 5
1731165848013 23910.0 5
1731165848046 24099.0 5
1731165848070 24291.0 5
1731165848098 24477.0 5
1731165848128 24665.0 5
1731165848157 24854.0 5
1731165848190 25043.0 5
1731165848234 25238.0 5
1731165848287 25432.0 5
1731165848317 25619.0 5
1731165848345 25808.0 5
1731165848371 26001.0 5
1731165848397 26194.0 5
1731165848446 26389.0 5
1731165848483 26582.0 5
1731165848522 26772.0 5
1731165848553 26961.0 5
1731165848584 27147.0 5
1731165848615 27341.0 5
1731165848744 27532.0 5
1731165848796 27722.0 5
1731165848866 27911.0 5
1731165848914 28097.0 5
1731165848950 28285.0 5
1731165848989 28473.0 5
1731165849077 28668.0 5
1731165849115 28855.0 5
1731165849143 29048.0 5
1731165849188 29243.0 5
1731165849244 29434.0 5
1731165849285 29624.0 5
1731165849313 29821.0 5
1731165849342 30014.0 5
1731165849376 30206.0 5
1731165849400 30395.0 5
1731165849433 30586.0 5
1731165849465 30780.0 5
1731165849498 30972.0 5
1731165849563 31159.0 5
1731165849592 31351.0 5
1731165849621 31544.0 5
1731165849656 31735.0 5
1731165849707 31928.0 5
1731165849738 32117.0 5
1731165849808 32307.0 5
1731165849840 32499.0 5
1731165849888 32693.0 5
1731165849930 32882.0 5
1731165849992 33074.0 5
1731165850060 33265.0 5
1731165850092 33457.0 5
1731165850125 33650.0 5
1731165850244 33847.0 5
1731165850303 34040.0 5
1731165850354 34229.0 5
1731165850445 34420.0 5
1731165850553 34611.0 5
1731165850625 34803.0 5
1731165850746 34994.0 5
1731165850768 35180.0 5
1731165850797 35368.0 5
1731165850823 35557.0 5
1731165850853 35749.0 5
1731165850874 35941.0 5
1731165850899 36131.0 5
1731165850924 36318.0 5
1731165850947 36510.0 5
1731165850975 36702.0 5
1731165851014 36888.0 5
1731165851043 37077.0 5
1731165851078 37266.0 5
1731165851111 37457.0 5
1731165851140 37646.0 5
1731165851171 37841.0 5
1731165851198 38034.0 5
1731165851227 38222.0 5
1731165851256 38415.0 5
1731165851292 38611.0 5
1731165851327 38802.0 5
1731165851367 38993.0 5
1731165851396 39183.0 5
1731165851423 39376.0 5
1731165851463 39560.0 5
1731165851501 39753.0 5
1731165851535 39948.0 5
1731165851562 40143.0 5
1731165851589 40330.0 5
1731165851617 40522.0 5
1731165851644 40711.0 5
1731165851693 40901.0 5
1731165851732 41097.0 5
1731165851763 41286.0 5
1731165851794 41480.0 5
1731165851819 41666.0 5
1731165851848 41858.0 5
1731165851872 42048.0 5
1731165851897 42240.0 5
1731165851928 42431.0 5
1731165851965 42621.0 5
1731165852001 42814.0 5
1731165852033 42999.0 5
1731165852069 43184.0 5
1731165852098 43372.0 5
1731165852129 43562.0 5
1731165852163 43755.0 5
1731165852184 43946.0 5
1731165852214 44138.0 5
1731165852244 44334.0 5
1731165852276 44526.0 5
1731165852308 44714.0 5
1731165852343 44904.0 5
1731165852371 45097.0 5
1731165852400 45290.0 5
1731165852427 45482.0 5
1731165852464 45675.0 5
1731165852497 45867.0 5
1731165852528 46063.0 5
1731165852563 46256.0 5
1731165852591 46446.0 5
1731165852625 46634.0 5
1731165852654 46826.0 5
1731165852688 47020.0 5
1731165852718 47212.0 5
1731165852760 47402.0 5
1731165852843 47595.0 5
1731165852875 47789.0 5
1731165852918 47981.0 5
1731165852955 48168.0 5
1731165852995 48357.0 5
1731165853024 48544.0 5
1731165853063 48737.0 5
1731165853091 48928.0 5
1731165853129 49112.0 5
1731165853156 49298.0 5
1731165853195 49491.0 5
1731165853236 49681.0 5
1731165853276 49872.0 5
1731165853307 50065.0 5
1731165853346 50254.0 5
1731165853393 50445.0 5
1731165853421 50635.0 5
1731165853467 50819.0 5
1731165853497 51009.0 5
1731165853531 51194.0 5
1731165853565 51381.0 5
1731165853592 51572.0 5
1731165853620 51759.0 5
1731165853645 51947.0 5
1731165853678 52134.0 5
1731165853711 52323.0 5
1731165853737 52517.0 5
1731165853763 52708.0 5
1731165853797 52901.0 5
1731165853845 53087.0 5
1731165853881 53275.0 5
1731165853945 53471.0 5
1731165853984 53662.0 5
1731165854015 53854.0 5
1731165854049 54041.0 5
1731165854098 54228.0 5
1731165854153 54421.0 5
1731165854182 54614.0 5
1731165854210 54805.0 5
1731165854239 54997.0 5
1731165854266 55190.0 5
1731165854294 55378.0 5
1731165854334 55567.0 5
1731165854374 55758.0 5
1731165854404 55947.0 5
1731165854433 56138.0 5
1731165854458 56326.0 5
1731165854485 56516.0 5
1731165854517 56707.0 5
1731165854541 56899.0 5
1731165854567 57089.0 5
1731165854596 57286.0 5
1731165854637 194.0 6
1731165854670 384.0 6
1731165854714 577.0 6
1731165854759 767.0 6
1731165854802 960.0 6
1731165854834 1149.0 6
1731165854868 1345.0 6
1731165854899 1534.0 6
1731165854926 1722.0 6
1731165854957 1911.0 6
1731165854986 2101.0 6
1731165855012 2292.0 6
1731165855041 2486.0 6
1731165855072 2677.0 6
1731165855101 2869.0 6
1731165855131 3056.0 6
1731165855162 3249.0 6
1731165855204 3446.0 6
1731165855285 3636.0 6
1731165855317 3828.0 6
1731165855348 4024.0 6
1731165855373 4219.0 6
1731165855399 4404.0 6
1731165855426 4598.0 6
1731165855484 4793.0 6
1731165855513 4988.0 6
1731165855540 5180.0 6
1731165855577 5372.0 6
1731165855625 5566.0 6
1731165855676 5753.0 6
1731165855705 5943.0 6
1731165855734 6135.0 6
1731165855767 6327.0 6
1731165855799 6521.0 6
1731165855841 6708.0 6
1731165855880 6901.0 6
1731165855912 7090.0 6
1731165855937 7283.0 6
1731165855966 7477.0 6
1731165855992 7671.0 6
1731165856034 7859.0 6
1731165856081 8052.0 6
1731165856118 8238.0 6
1731165856167 8432.0 6
1731165856199 8623.0 6
1731165856230 8814.0 6
1731165856264 9002.0 6
1731165856313 9197.0 6
1731165856382 9382.0 6
1731165856419 9578.0 6
1731165856450 9772.0 6
1731165856475 9966.0 6
1731165856500 10159.0 6
1731165856523 10353.0 6
1731165856548 10544.0 6
1731165856574 10737.0 6
1731165856598 10927.0 6
1731165856623 11120.0 6
1731165856647 11308.0 6
1731165856678 11501.0 6
1731165856717 11696.0 6
1731165856756 11892.0 6
1731165856800 12084.0 6
1731165856836 12275.0 6
1731165856881 12467.0 6
1731165856923 12658.0 6
1731165856970 12847.0 6
1731165857006 13040.0 6
1731165857051 13234.0 6
1731165857090 13428.0 6
1731165857129 13619.0 6
1731165857178 13809.0 6
1731165857223 14005.0 6
1731165857258 14197.0 6
1731165857293 14386.0 6
1731165857326 14579.0 6
1731165857357 14774.0 6
1731165857388 14964.0 6
1731165857419 15159.0 6
1731165857463 15350.0 6
1731165857502 15539.0 6
1731165857534 15732.0 6
1731165857580 15929.0 6
1731165857631 16121.0 6
1731165857670 16311.0 6
1731165857699 16500.0 6
1731165857729 16694.0 6
1731165857758 16885.0 6
1731165857783 17076.0 6
1731165857848 17264.0 6
1731165857880 17458.0 6
1731165857917 17652.0 6
1731165857950 17845.0 6
1731165857988 18036.0 6
1731165858015 18227.0 6
1731165858055 18416.0 6
1731165858102 18602.0 6
1731165858142 18795.0 6
1731165858180 18989.0 6
1731165858219 19177.0 6
1731165858263 19369.0 6
1731165858293 19565.0 6
1731165858331 19755.0 6
1731165858356 19950.0 6
1731165858386 20141.0 6
1731165858415 20331.0 6
1731165858447 20524.0 6
1731165858496 20711.0 6
1731165858524 20906.0 6
1731165858575 21099.0 6
1731165858613 21289.0 6
1731165858646 21481.0 6
1731165858683 21668.0 6
1731165858727 21861.0 6
1731165858762 22055.0 6
1731165858795 22244.0 6
1731165858823 22441.0 6
1731165858856 22633.0 6
1731165858913 22823.0 6
1731165858942 23017.0 6
1731165858973 23210.0 6
1731165859007 23402.0 6
1731165859037 23595.0 6
1731165859077 23782.0 6
1731165859122 23973.0 6
1731165859163 24165.0 6
1731165859211 24360.0 6
1731165859266 24553.0 6
1731165859317 24745.0 6
1731165859371 24936.0 6
1731165859412 25124.0 6
1731165859461 25314.0 6
1731165859492 25504.0 6
1731165859538 25696.0 6
1731165859575 25890.0 6
1731165859604 26081.0 6
1731165859634 26271.0 6
1731165859668 26463.0 6
1731165859704 26656.0 6
1731165859742 26853.0 6
1731165859780 27048.0 6
1731165859831 27232.0 6
1731165859874 27426.0 6
1731165859906 27616.0 6
1731165859935 27803.0 6
1731165860022 27995.0 6
1731165860069 28182.0 6
1731165860232 28376.0 6
1731165860334 28567.0 6
1731165860400 28760.0 6
1731165860475 28950.0 6
1731165860550 29142.0 6
1731165860617 29331.0 6
1731165860753 29522.0 6
1731165860846 29711.0 6
1731165860929 29903.0 6
1731165860964 30094.0 6
1731165861030 30278.0 6
1731165861076 30473.0 6
1731165861110 30663.0 6
1731165861165 30856.0 6
1731165861230 31048.0 6
1731165861400 31240.0 6
1731165861438 31427.0 6
1731165861501 31620.0 6
1731165861541 31804.0 6
1731165861592 31995.0 6
1731165861625 32184.0 6
1731165861663 32377.0 6
1731165861704 32571.0 6
1731165861743 32763.0 6
1731165861790 32955.0 6
1731165861833 33146.0 6
1731165861860 33339.0 6
1731165861890 33530.0 6
1731165861917 33719.0 6
1731165861948 33910.0 6
1731165862002 34093.0 6
1731165862038 34284.0 6
1731165862071 34483.0 6
1731165862110 34671.0 6
1731165862151 34865.0 6
1731165862188 35059.0 6
1731165862221 35252.0 6
1731165862260 35448.0 6
1731165862291 35641.0 6
1731165862326 35835.0 6
1731165862355 36028.0 6
1731165862393 36226.0 6
1731165862422 36420.0 6
1731165862450 36614.0 6
1731165862482 36797.0 6
1731165862513 36987.0 6
1731165862538 37183.0 6
1731165862573 37367.0 6
1731165862610 37558.0 6
1731165862646 37744.0 6
1731165862679 37937.0 6
1731165862717 38127.0 6
1731165862747 38318.0 6
1731165862776 38509.0 6
1731165862805 38697.0 6
1731165862854 38887.0 6
1731165862884 39081.0 6
1731165862916 39271.0 6
1731165862943 39465.0 6
1731165862967 39655.0 6
1731165863000 39849.0 6
1731165863029 40040.0 6
1731165863057 40233.0 6
1731165863085 40423.0 6
1731165863138 40614.0 6
1731165863192 40806.0 6
1731165863221 40995.0 6
1731165863254 41183.0 6
1731165863283 41371.0 6
1731165863318 41563.0 6
1731165863353 41755.0 6
1731165863388 41941.0 6
1731165863426 42124.0 6
1731165863460 42315.0 6
1731165863510 42510.0 6
1731165863550 42705.0 6
1731165863585 42896.0 6
1731165863626 43088.0 6
1731165863797 43271.0 6
1731165863848 43465.0 6
1731165863889 43655.0 6
1731165863933 43848.0 6
1731165863965 44039.0 6
1731165864024 44232.0 6
1731165864082 44425.0 6
1731165864145 44620.0 6
1731165864181 44812.0 6
1731165864264 45001.0 6
1731165864395 45196.0 6
1731165864445 45387.0 6
1731165864477 45580.0 6
1731165864508 45774.0 6
1731165864567 45962.0 6
1731165864598 46151.0 6
1731165864624 46343.0 6
1731165864653 46535.0 6
1731165864686 46726.0 6
1731165864712 46916.0 6
1731165864738 47109.0 6
1731165864763 47303.0 6
1731165864795 47494.0 6
1731165864826 47687.0 6
1731165864857 47877.0 6
1731165864901 48067.0 6
1731165864933 48263.0 6
1731165864960 48448.0 6
1731165864992 48639.0 6
1731165865024 48826.0 6
1731165865056 49015.0 6
1731165865094 49203.0 6
1731165865126 49400.0 6
1731165865151 49590.0 6
1731165865177 49783.0 6
1731165865214 49972.0 6
1731165865254 50162.0 6
1731165865279 50352.0 6
1731165865308 50543.0 6
1731165865333 50734.0 6
1731165865358 50923.0 6
1731165865383 51111.0 6
1731165865408 51299.0 6
1731165865432 51491.0 6
1731165865458 51676.0 6
1731165865485 51862.0 6
1731165865512 52052.0 6
1731165865541 52237.0 6
1731165865576 52424.0 6
1731165865621 52620.0 6
1731165865652 52808.0 6
1731165865682 53002.0 6
1731165865709 53194.0 6
1731165865738 53385.0 6
1731165865764 53580.0 6
1731165865795 53772.0 6
1731165865827 53964.0 6
1731165865875 54156.0 6
1731165865914 54343.0 6
1731165865947 54537.0 6
1731165865984 54728.0 6
1731165866019 54919.0 6
1731165866049 55110.0 6
1731165866087 55301.0 6
1731165866127 55491.0 6
1731165866164 55681.0 6
1731165866216 55870.0 6
1731165866256 56061.0 6
1731165866295 56242.0 6
1731165866334 56437.0 6
1731165866363 56622.0 6
1731165866391 56815.0 6
1731165866423 57008.0 6
1731165866455 57199.0 6
1731165866493 57388.0 6
1731165866543 195.0 7
1731165866587 391.0 7
1731165866621 584.0 7
1731165866656 781.0 7
1731165866684 972.0 7
1731165866710 1161.0 7
1731165866738 1358.0 7
1731165866763 1547.0 7
1731165866794 1741.0 7
1731165866821 1932.0 7
1731165866854 2119.0 7
1731165866882 2311.0 7
1731165866917 2498.0 7
1731165866947 2689.0 7
1731165866971 2882.0 7
1731165866998 3068.0 7
1731165867024 3255.0 7
1731165867050 3445.0 7
1731165867077 3638.0 7
1731165867105 3831.0 7
1731165867131 4024.0 7
1731165867166 4217.0 7
1731165867195 4406.0 7
1731165867223 4596.0 7
1731165867254 4791.0 7
1731165867289 4982.0 7
1731165867329 5171.0 7
1731165867363 5368.0 7
1731165867393 5556.0 7
1731165867425 5747.0 7
1731165867452 5939.0 7
1731165867476 6130.0 7
1731165867500 6322.0 7
1731165867524 6519.0 7
1731165867547 6708.0 7
1731165867578 6898.0 7
1731165867607 7092.0 7
1731165867633 7281.0 7
1731165867663 7468.0 7
1731165867688 7661.0 7
1731165867712 7853.0 7
1731165867737 8046.0 7
1731165867762 8243.0 7
1731165867791 8438.0 7
1731165867813 8631.0 7
1731165867840 8823.0 7
1731165867869 9019.0 7
1731165867895 9211.0 7
1731165867921 9400.0 7
1731165867994 9589.0 7
1731165868026 9781.0 7
1731165868061 9973.0 7
1731165868095 10168.0 7
1731165868131 10362.0 7
1731165868162 10553.0 7
1731165868188 10749.0 7
1731165868213 10943.0 7
1731165868240 11134.0 7
1731165868269 11321.0 7
1731165868328 11516.0 7
1731165868374 11710.0 7
1731165868422 11907.0 7
1731165868460 12101.0 7
1731165868496 12295.0 7
1731165868531 12484.0 7
1731165868565 12674.0 7
1731165868593 12864.0 7
1731165868618 13052.0 7
1731165868653 13245.0 7
1731165868678 13436.0 7
1731165868717 13623.0 7
1731165868748 13816.0 7
1731165868777 14007.0 7
1731165868806 14197.0 7
1731165868830 14389.0 7
1731165868859 14581.0 7
1731165868884 14774.0 7
1731165868910 14963.0 7
1731165868936 15152.0 7
1731165868966 15343.0 7
1731165869001 15535.0 7
1731165869029 15733.0 7
1731165869059 15926.0 7
1731165869084 16116.0 7
1731165869115 16310.0 7
1731165869141 16496.0 7
1731165869165 16686.0 7
1731165869195 16880.0 7
1731165869226 17070.0 7
1731165869383 17256.0 7
1731165869417 17448.0 7
1731165869462 17642.0 7
1731165869508 17842.0 7
1731165869547 18030.0 7
1731165869573 18225.0 7
1731165869599 18417.0 7
1731165869623 18610.0 7
1731165869655 18804.0 7
1731165869687 18994.0 7
1731165869784 19187.0 7
1731165869828 19374.0 7
1731165869868 19564.0 7
1731165869902 19756.0 7
1731165869935 19950.0 7
1731165869977 20142.0 7
1731165870014 20333.0 7
1731165870049 20528.0 7
1731165870093 20720.0 7
1731165870128 20912.0 7
1731165870160 21107.0 7
1731165870191 21301.0 7
1731165870216 21491.0 7
1731165870245 21681.0 7
1731165870269 21873.0 7
1731165870296 22063.0 7
1731165870333 22253.0 7
1731165870386 22444.0 7
1731165870448 22632.0 7
1731165870479 22822.0 7
1731165870522 23015.0 7
1731165870551 23204.0 7
1731165870576 23395.0 7
1731165870609 23590.0 7
1731165870650 23780.0 7
1731165870683 23967.0 7
1731165870716 24157.0 7
1731165870779 24349.0 7
1731165870835 24544.0 7
1731165870863 24736.0 7
1731165870889 24924.0 7
1731165870920 25116.0 7
1731165870947 25312.0 7
1731165870983 25505.0 7
1731165871018 25697.0 7
1731165871057 25887.0 7
1731165871085 26075.0 7
1731165871113 26270.0 7
1731165871145 26459.0 7
1731165871181 26653.0 7
1731165871219 26847.0 7
1731165871253 27042.0 7
1731165871286 27239.0 7
1731165871325 27428.0 7
1731165871515 27619.0 7
1731165871567 27807.0 7
1731165871603 27999.0 7
1731165871639 28194.0 7
1731165871682 28387.0 7
1731165871724 28580.0 7
1731165871825 28769.0 7
1731165871870 28958.0 7
1731165871918 29154.0 7
1731165871985 29349.0 7
1731165872016 29539.0 7
1731165872045 29731.0 7
1731165872080 29917.0 7
1731165872240 30108.0 7
1731165872270 30300.0 7
1731165872324 30492.0 7
1731165872378 30685.0 7
1731165872474 30878.0 7
1731165872520 31070.0 7
1731165872549 31260.0 7
1731165872591 31449.0 7
1731165872638 31643.0 7
1731165872687 31835.0 7
1731165872717 32025.0 7
1731165872742 32208.0 7
1731165872769 32401.0 7
1731165872836 32591.0 7
1731165872865 32782.0 7
1731165872897 32973.0 7
1731165872930 33169.0 7
1731165872984 33360.0 7
1731165873047 33554.0 7
1731165873081 33747.0 7
1731165873130 33943.0 7
1731165873162 34133.0 7
1731165873199 34324.0 7
1731165873227 34515.0 7
1731165873262 34706.0 7
1731165873331 34899.0 7
1731165873356 35088.0 7
1731165873392 35279.0 7
1731165873420 35474.0 7
1731165873446 35667.0 7
1731165873498 35856.0 7
1731165873525 36045.0 7
1731165873551 36241.0 7
1731165873594 36433.0 7
1731165873624 36624.0 7
1731165873656 36811.0 7
1731165873681 37004.0 7
1731165873716 37200.0 7
1731165873761 37387.0 7
1731165873796 37581.0 7
1731165873828 37772.0 7
1731165873854 37959.0 7
1731165873881 38147.0 7
1731165873907 38340.0 7
1731165873935 38534.0 7
1731165873972 38722.0 7
1731165874010 38915.0 7
1731165874040 39102.0 7
1731165874068 39296.0 7
1731165874092 39492.0 7
1731165874118 39684.0 7
1731165874141 39875.0 7
1731165874172 40069.0 7
1731165874215 40261.0 7
1731165874253 40452.0 7
1731165874284 40649.0 7
1731165874329 40841.0 7
1731165874357 41030.0 7
1731165874394 41221.0 7
1731165874424 41410.0 7
1731165874461 41603.0 7
1731165874497 41795.0 7
1731165874535 41987.0 7
1731165874572 42170.0 7
1731165874618 42362.0 7
1731165874659 42559.0 7
1731165874716 42753.0 7
1731165874749 42947.0 7
1731165874782 43138.0 7
1731165874810 43327.0 7
1731165874853 43515.0 7
1731165874896 43709.0 7
1731165874936 43903.0 7
1731165874964 44097.0 7
1731165874993 44289.0 7
1731165875015 44479.0 7
1731165875041 44668.0 7
1731165875081 44857.0 7
1731165875121 45050.0 7
1731165875146 45245.0 7
1731165875180 45439.0 7
1731165875206 45632.0 7
1731165875233 45821.0 7
1731165875260 46012.0 7
1731165875290 46201.0 7
1731165875313 46391.0 7
1731165875342 46585.0 7
1731165875366 46780.0 7
1731165875393 46969.0 7
1731165875417 47160.0 7
1731165875449 47352.0 7
1731165875478 47544.0 7
1731165875503 47733.0 7
1731165875525 47925.0 7
1731165875551 48107.0 7
1731165875581 48295.0 7
1731165875611 48485.0 7
1731165875642 48676.0 7
1731165875680 48868.0 7
1731165875710 49065.0 7
1731165875735 49258.0 7
1731165875760 49452.0 7
1731165875789 49647.0 7
1731165875814 49838.0 7
1731165875845 50031.0 7
1731165875879 50217.0 7
1731165875905 50406.0 7
1731165875934 50596.0 7
1731165875962 50783.0 7
1731165875986 50981.0 7
1731165876013 51174.0 7
1731165876040 51366.0 7
1731165876067 51557.0 7
1731165876105 51747.0 7
1731165876140 51935.0 7
1731165876174 52121.0 7
1731165876200 52311.0 7
1731165876226 52503.0 7
1731165876254 52693.0 7
1731165876279 52887.0 7
1731165876303 53077.0 7
1731165876331 53267.0 7
1731165876357 53457.0 7
1731165876383 53650.0 7
1731165876409 53840.0 7
1731165876435 54031.0 7
1731165876468 54225.0 7
1731165876505 54412.0 7
1731165876537 54604.0 7
1731165876565 54795.0 7
1731165876597 54984.0 7
1731165876650 55177.0 7
1731165876672 55367.0 7
1731165876699 55558.0 7
1731165876726 55752.0 7
1731165876750 55942.0 7
1731165876775 56131.0 7
1731165876799 56324.0 7
1731165876822 56518.0 7
1731165876849 56707.0 7
1731165876875 56895.0 7
1731165876909 57085.0 7
1731165876939 57277.0 7
1731165876967 57468.0 7
1731165877010 193.0 8
1731165877035 388.0 8
1731165877063 581.0 8
1731165877089 772.0 8
1731165877113 965.0 8
1731165877142 1156.0 8
1731165877169 1349.0 8
1731165877200 1545.0 8
1731165877228 1740.0 8
1731165877260 1932.0 8
1731165877294 2122.0 8
1731165877329 2315.0 8
1731165877359 2510.0 8
1731165877389 2704.0 8
1731165877420 2899.0 8
1731165877475 3086.0 8
1731165877507 3277.0 8
1731165877533 3472.0 8
1731165877563 3668.0 8
1731165877593 3863.0 8
1731165877619 4054.0 8
1731165877647 4252.0 8
1731165877675 4442.0 8
1731165877710 4637.0 8
1731165877739 4828.0 8
1731165877768 5021.0 8
1731165877802 5216.0 8
1731165877826 5400.0 8
1731165877861 5594.0 8
1731165877889 5783.0 8
1731165877920 5974.0 8
1731165877986 6163.0 8
1731165878026 6358.0 8
1731165878074 6546.0 8
1731165878110 6737.0 8
1731165878156 6928.0 8
1731165878183 7119.0 8
1731165878209 7313.0 8
1731165878243 7503.0 8
1731165878272 7693.0 8
1731165878340 7881.0 8
1731165878374 8071.0 8
1731165878407 8264.0 8
1731165878436 8459.0 8
1731165878463 8652.0 8
1731165878508 8840.0 8
1731165878549 9032.0 8
1731165878581 9227.0 8
1731165878613 9418.0 8
1731165878645 9609.0 8
1731165878681 9800.0 8
1731165878721 9993.0 8
1731165878764 10183.0 8
1731165878794 10373.0 8
1731165878824 10570.0 8
1731165878863 10759.0 8
1731165878893 10950.0 8
1731165878926 11140.0 8
1731165878953 11332.0 8
1731165878976 11527.0 8
1731165879001 11718.0 8
1731165879028 11911.0 8
1731165879061 12105.0 8
1731165879094 12295.0 8
1731165879119 12489.0 8
1731165879153 12684.0 8
1731165879184 12877.0 8
1731165879230 13071.0 8
1731165879290 13254.0 8
1731165879329 13449.0 8
1731165879368 13644.0 8
1731165879396 13838.0 8
1731165879434 14032.0 8
1731165879464 14224.0 8
1731165879502 14422.0 8
1731165879530 14613.0 8
1731165879566 14810.0 8
1731165879595 15001.0 8
1731165879624 15196.0 8
1731165879649 15387.0 8
1731165879675 15581.0 8
1731165879708 15771.0 8
1731165879736 15966.0 8
1731165879765 16155.0 8
1731165879792 16349.0 8
1731165879814 16538.0 8
1731165879848 16730.0 8
1731165879878 16925.0 8
1731165879911 17117.0 8
1731165879940 17310.0 8
1731165879965 17506.0 8
1731165879992 17698.0 8
1731165880022 17889.0 8
1731165880049 18083.0 8
1731165880071 18275.0 8
1731165880095 18468.0 8
1731165880129 18663.0 8
1731165880184 18857.0 8
1731165880216 19049.0 8
1731165880254 19240.0 8
1731165880335 19434.0 8
1731165880368 19624.0 8
1731165880403 19813.0 8
1731165880434 20007.0 8
1731165880470 20192.0 8
1731165880506 20382.0 8
1731165880554 20573.0 8
1731165880584 20766.0 8
1731165880634 20962.0 8
1731165880672 21156.0 8
1731165880703 21353.0 8
1731165880749 21545.0 8
1731165880777 21734.0 8
1731165880811 21930.0 8
1731165880838 22117.0 8
1731165880869 22305.0 8
1731165880912 22497.0 8
1731165880954 22689.0 8
1731165880980 22875.0 8
1731165881005 23066.0 8
1731165881030 23261.0 8
1731165881053 23452.0 8
1731165881077 23644.0 8
1731165881105 23837.0 8
1731165881147 24030.0 8
1731165881201 24221.0 8
1731165881252 24410.0 8
1731165881300 24603.0 8
1731165881331 24796.0 8
1731165881362 24990.0 8
1731165881400 25188.0 8
1731165881425 25379.0 8
1731165881460 25568.0 8
1731165881492 25758.0 8
1731165881522 25943.0 8
1731165881557 26136.0 8
1731165881586 26329.0 8
1731165881616 26525.0 8
1731165881654 26717.0 8
1731165881688 26911.0 8
1731165881713 27106.0 8
1731165881738 27298.0 8
1731165881764 27491.0 8
1731165881789 27682.0 8
1731165881815 27874.0 8
1731165881841 28058.0 8
1731165881881 28244.0 8
1731165881909 28435.0 8
1731165881943 28627.0 8
1731165881967 28815.0 8
1731165881995 28995.0 8
1731165882023 29181.0 8
1731165882052 29379.0 8
1731165882080 29573.0 8
1731165882106 29764.0 8
1731165882130 29959.0 8
1731165882154 30151.0 8
1731165882178 30340.0 8
1731165882221 30535.0 8
1731165882253 30731.0 8
1731165882295 30915.0 8
1731165882329 31100.0 8
1731165882355 31288.0 8
1731165882388 31483.0 8
1731165882412 31676.0 8
1731165882445 31861.0 8
1731165882471 32045.0 8
1731165882500 32232.0 8
1731165882526 32425.0 8
1731165882549 32616.0 8
1731165882575 32809.0 8
1731165882598 33003.0 8
1731165882637 33197.0 8
1731165882678 33388.0 8
1731165882709 33577.0 8
1731165882734 33765.0 8
1731165882758 33960.0 8
1731165882788 34146.0 8
1731165882813 34335.0 8
1731165882843 34521.0 8
1731165882881 34710.0 8
1731165882921 34901.0 8
1731165882957 35091.0 8
1731165882985 35287.0 8
1731165883013 35482.0 8
1731165883038 35673.0 8
1731165883065 35863.0 8
1731165883097 36055.0 8
1731165883137 36250.0 8
1731165883168 36446.0 8
1731165883199 36636.0 8
1731165883227 36830.0 8
1731165883254 37021.0 8
1731165883280 37216.0 8
1731165883309 37406.0 8
1731165883339 37599.0 8
1731165883383 37793.0 8
1731165883420 37987.0 8
1731165883456 38175.0 8
1731165883480 38363.0 8
1731165883507 38551.0 8
1731165883537 38744.0 8
1731165883562 38932.0 8
1731165883592 39127.0 8
1731165883622 39317.0 8
1731165883659 39509.0 8
1731165883694 39696.0 8
1731165883734 39886.0 8
1731165883762 40074.0 8
1731165883791 40266.0 8
1731165883816 40455.0 8
1731165883841 40647.0 8
1731165883875 40838.0 8
1731165883899 41027.0 8
1731165883929 41220.0 8
1731165883964 41408.0 8
1731165883996 41590.0 8
1731165884052 41783.0 8
1731165884079 41971.0 8
1731165884105 42162.0 8
1731165884130 42351.0 8
1731165884160 42541.0 8
1731165884212 42735.0 8
1731165884240 42927.0 8
1731165884269 43118.0 8
1731165884294 43308.0 8
1731165884335 43497.0 8
1731165884391 43687.0 8
1731165884450 43877.0 8
1731165884495 44069.0 8
1731165884517 44260.0 8
1731165884560 44450.0 8
1731165884597 44645.0 8
1731165884626 44837.0 8
1731165884659 45025.0 8
1731165884689 45216.0 8
1731165884717 45413.0 8
1731165884744 45605.0 8
1731165884771 45795.0 8
1731165884801 45985.0 8
1731165884829 46175.0 8
1731165884856 46369.0 8
1731165884890 46565.0 8
1731165884914 46758.0 8
1731165884940 46951.0 8
1731165884965 47140.0 8
1731165884994 47330.0 8
1731165885028 47525.0 8
1731165885056 47716.0 8
1731165885088 47905.0 8
1731165885123 48095.0 8
1731165885155 48288.0 8
1731165885186 48481.0 8
1731165885228 48674.0 8
1731165885256 48870.0 8
1731165885291 49064.0 8
1731165885324 49259.0 8
1731165885390 49454.0 8
1731165885414 49647.0 8
1731165885453 49838.0 8
1731165885528 50021.0 8
1731165885566 50211.0 8
1731165885606 50398.0 8
1731165885661 50589.0 8
1731165885687 50783.0 8
1731165885716 50977.0 8
1731165885743 51172.0 8
1731165885775 51365.0 8
1731165885798 51557.0 8
1731165885823 51749.0 8
1731165885846 51943.0 8
1731165885874 52133.0 8
1731165885899 52324.0 8
1731165885927 52519.0 8
1731165885957 52708.0 8
1731165885993 52900.0 8
1731165886026 53094.0 8
1731165886062 53283.0 8
1731165886088 53467.0 8
1731165886113 53660.0 8
1731165886138 53854.0 8
1731165886162 54042.0 8
1731165886188 54232.0 8
1731165886214 54425.0 8
1731165886245 54618.0 8
1731165886279 54805.0 8
1731165886307 54990.0 8
1731165886339 55182.0 8
1731165886366 55375.0 8
1731165886390 55567.0 8
1731165886415 55759.0 8
1731165886441 55950.0 8
1731165886466 56140.0 8
1731165886492 56334.0 8
1731165886515 56528.0 8
1731165886540 56718.0 8
1731165886566 56915.0 8
1731165886595 57109.0 8
1731165886626 57299.0 8
1731165886652 57490.0 8
1731165886701 189.0 9
1731165886740 381.0 9
1731165886771 572.0 9
1731165886812 764.0 9
1731165886842 951.0 9
1731165886866 1148.0 9
1731165886895 1341.0 9
1731165886921 1534.0 9
1731165886945 1726.0 9
1731165886971 1923.0 9
1731165886996 2117.0 9
1731165887019 2310.0 9
1731165887045 2504.0 9
1731165887071 2693.0 9
1731165887108 2884.0 9
1731165887141 3073.0 9
1731165887174 3269.0 9
1731165887204 3455.0 9
1731165887231 3644.0 9
1731165887262 3839.0 9
1731165887297 4028.0 9
1731165887322 4216.0 9
1731165887345 4405.0 9
1731165887378 4598.0 9
1731165887406 4789.0 9
1731165887431 4982.0 9
1731165887456 5178.0 9
1731165887490 5369.0 9
1731165887522 5562.0 9
1731165887564 5756.0 9
1731165887599 5947.0 9
1731165887629 6137.0 9
1731165887658 6328.0 9
1731165887693 6520.0 9
1731165887727 6715.0 9
1731165887755 6904.0 9
1731165887796 7090.0 9
1731165887832 7284.0 9
1731165887858 7478.0 9
1731165887883 7668.0 9
1731165887906 7862.0 9
1731165887932 8055.0 9
1731165887962 8249.0 9
1731165887988 8439.0 9
1731165888015 8630.0 9
1731165888039 8822.0 9
1731165888064 9016.0 9
1731165888089 9204.0 9
1731165888115 9398.0 9
1731165888140 9589.0 9
1731165888168 9778.0 9
1731165888194 9973.0 9
1731165888220 10169.0 9
1731165888246 10364.0 9
1731165888275 10556.0 9
1731165888304 10750.0 9
1731165888330 10940.0 9
1731165888356 11133.0 9
1731165888396 11322.0 9
1731165888442 11515.0 9
1731165888472 11710.0 9
1731165888508 11901.0 9
1731165888535 12095.0 9
1731165888574 12294.0 9
1731165888599 12486.0 9
1731165888624 12681.0 9
1731165888649 12875.0 9
1731165888676 13068.0 9
1731165888701 13259.0 9
1731165888732 13451.0 9
1731165888763 13645.0 9
1731165888807 13839.0 9
1731165888843 14028.0 9
1731165888910 14224.0 9
1731165888949 14414.0 9
1731165888983 14608.0 9
1731165889006 14801.0 9
1731165889027 14989.0 9
1731165889051 15178.0 9
1731165889084 15368.0 9
1731165889116 15562.0 9
1731165889171 15754.0 9
1731165889216 15942.0 9
1731165889250 16134.0 9
1731165889289 16325.0 9
1731165889324 16514.0 9
1731165889362 16708.0 9
1731165889396 16899.0 9
1731165889434 17089.0 9
1731165889472 17284.0 9
1731165889510 17474.0 9
1731165889547 17668.0 9
1731165889581 17861.0 9
1731165889618 18053.0 9
1731165889658 18245.0 9
1731165889710 18432.0 9
1731165889734 18616.0 9
1731165889762 18810.0 9
1731165889797 19005.0 9
1731165889835 19195.0 9
1731165889874 19389.0 9
1731165889939 19574.0 9
1731165889968 19763.0 9
1731165890010 19950.0 9
1731165890041 20143.0 9
1731165890076 20339.0 9
1731165890101 20531.0 9
1731165890127 20726.0 9
1731165890151 20921.0 9
1731165890176 21113.0 9
1731165890200 21300.0 9
1731165890225 21493.0 9
1731165890251 21690.0 9
1731165890275 21884.0 9
1731165890299 22071.0 9
1731165890324 22260.0 9
1731165890351 22451.0 9
1731165890373 22644.0 9
1731165890399 22838.0 9
1731165890436 23028.0 9
1731165890484 23219.0 9
1731165890526 23408.0 9
1731165890557 23595.0 9
1731165890586 23784.0 9
1731165890610 23976.0 9
1731165890641 24171.0 9
1731165890666 24363.0 9
1731165890689 24554.0 9
1731165890713 24747.0 9
1731165890742 24934.0 9
1731165890776 25124.0 9
1731165890801 25318.0 9
1731165890841 25511.0 9
1731165890873 25702.0 9
1731165890916 25895.0 9
1731165890952 26081.0 9
1731165890979 26271.0 9
1731165891005 26467.0 9
1731165891032 26657.0 9
1731165891056 26850.0 9
1731165891082 27042.0 9
1731165891110 27238.0 9
1731165891152 27429.0 9
1731165891184 27618.0 9
1731165891217 27810.0 9
1731165891248 27995.0 9
1731165891289 28188.0 9
1731165891324 28380.0 9
1731165891352 28569.0 9
1731165891377 28763.0 9
1731165891412 28958.0 9
1731165891438 29152.0 9
1731165891484 29347.0 9
1731165891521 29540.0 9
1731165891562 29729.0 9
1731165891596 29920.0 9
1731165891632 30111.0 9
1731165891661 30304.0 9
1731165891694 30497.0 9
1731165891726 30691.0 9
1731165891763 30884.0 9
1731165891792 31078.0 9
1731165891823 31266.0 9
1731165891867 31459.0 9
1731165891907 31655.0 9
1731165891954 31846.0 9
1731165891981 32040.0 9
1731165892011 32233.0 9
1731165892038 32422.0 9
1731165892064 32614.0 9
1731165892091 32808.0 9
1731165892122 33001.0 9
1731165892152 33189.0 9
1731165892196 33381.0 9
1731165892224 33574.0 9
1731165892262 33770.0 9
1731165892294 33959.0 9
1731165892333 34152.0 9
1731165892364 34341.0 9
1731165892397 34531.0 9
1731165892436 34724.0 9
1731165892486 34918.0 9
1731165892538 35107.0 9
1731165892579 35299.0 9
1731165892615 35487.0 9
1731165892647 35677.0 9
1731165892667 35870.0 9
1731165892710 36060.0 9
1731165892758 36254.0 9
1731165892795 36450.0 9
1731165892834 36644.0 9
1731165892871 36841.0 9
1731165892906 37034.0 9
1731165892945 37225.0 9
1731165892996 37420.0 9
1731165893036 37613.0 9
1731165893063 37802.0 9
1731165893097 37997.0 9
1731165893126 38187.0 9
1731165893157 38381.0 9
1731165893197 38572.0 9
1731165893228 38764.0 9
1731165893251 38957.0 9
1731165893274 39150.0 9
1731165893302 39341.0 9
1731165893326 39535.0 9
1731165893355 39729.0 9
1731165893387 39920.0 9
1731165893416 40113.0 9
1731165893450 40307.0 9
1731165893476 40503.0 9
1731165893507 40694.0 9
1731165893550 40883.0 9
1731165893594 41079.0 9
1731165893622 41270.0 9
1731165893661 41459.0 9
1731165893690 41647.0 9
1731165893735 41841.0 9
1731165893773 42030.0 9
1731165893805 42223.0 9
1731165893835 42414.0 9
1731165893865 42606.0 9
1731165893893 42800.0 9
1731165893917 42992.0 9
1731165893942 43181.0 9
1731165893972 43374.0 9
1731165894002 43565.0 9
1731165894050 43759.0 9
1731165894084 43951.0 9
1731165894107 44144.0 9
1731165894137 44336.0 9
1731165894171 44527.0 9
1731165894196 44719.0 9
1731165894225 44914.0 9
1731165894251 45111.0 9
1731165894275 45300.0 9
1731165894300 45496.0 9
1731165894327 45680.0 9
1731165894356 45863.0 9
1731165894389 46057.0 9
1731165894427 46251.0 9
1731165894461 46446.0 9
1731165894486 46634.0 9
1731165894510 46828.0 9
1731165894536 47022.0 9
1731165894561 47215.0 9
1731165894586 47407.0 9
1731165894615 47597.0 9
1731165894649 47784.0 9
1731165894695 47973.0 9
1731165894728 48159.0 9
1731165894758 48348.0 9
1731165894790 48543.0 9
1731165894828 48735.0 9
1731165894862 48931.0 9
1731165894888 49121.0 9
1731165894913 49307.0 9
1731165894933 49494.0 9
1731165894961 49684.0 9
1731165894993 49875.0 9
1731165895034 50067.0 9
1731165895071 50256.0 9
1731165895106 50450.0 9
1731165895141 50638.0 9
1731165895183 50829.0 9
1731165895217 51025.0 9
1731165895245 51218.0 9
1731165895270 51413.0 9
1731165895295 51608.0 9
1731165895320 51800.0 9
1731165895352 51991.0 9
1731165895390 52185.0 9
1731165895428 52373.0 9
1731165895459 52566.0 9
1731165895490 52758.0 9
1731165895523 52946.0 9
1731165895559 53142.0 9
1731165895593 53329.0 9
1731165895618 53524.0 9
1731165895642 53716.0 9
1731165895669 53906.0 9
1731165895699 54097.0 9
1731165895731 54282.0 9
1731165895761 54465.0 9
1731165895798 54652.0 9
1731165895828 54842.0 9
1731165895867 55035.0 9
1731165895901 55231.0 9
1731165895940 55426.0 9
1731165895981 55620.0 9
1731165896096 55815.0 9
1731165896317 56004.0 9
1731165896409 56200.0 9
1731165896438 56390.0 9
1731165896470 56582.0 9
1731165896495 56775.0 9
1731165896518 56970.0 9
1731165896546 57162.0 9
1731165896575 57353.0 9
1731165896609 57549.0 9
