1731170172618 12.0 0
1731170172722 58.0 0
1731170172771 131.0 0
1731170172816 233.0 0
1731170172878 359.0 0
1731170172921 508.0 0
1731170172955 652.0 0
1731170173035 787.0 0
1731170173069 942.0 0
1731170173106 1082.0 0
1731170173142 1240.0 0
1731170173183 1402.0 0
1731170173219 1542.0 0
1731170173260 1705.0 0
1731170173289 1878.0 0
1731170173318 2050.0 0
1731170173349 2212.0 0
1731170173416 2376.0 0
1731170173524 2546.0 0
1731170173597 2714.0 0
1731170173648 2887.0 0
1731170173701 3065.0 0
1731170173844 3248.0 0
1731170173906 3418.0 0
1731170173956 3592.0 0
1731170174002 3770.0 0
1731170174041 3944.0 0
1731170174079 4120.0 0
1731170174112 4300.0 0
1731170174142 4474.0 0
1731170174173 4650.0 0
1731170174220 4832.0 0
1731170174248 5016.0 0
1731170174276 5195.0 0
1731170174309 5377.0 0
1731170174339 5562.0 0
1731170174368 5743.0 0
1731170174394 5931.0 0
1731170174427 6115.0 0
1731170174471 6294.0 0
1731170174555 6474.0 0
1731170174587 6650.0 0
1731170174624 6840.0 0
1731170174666 7023.0 0
1731170174706 7196.0 0
1731170174738 7376.0 0
1731170174767 7557.0 0
1731170174795 7742.0 0
1731170174844 7928.0 0
1731170174878 8108.0 0
1731170174915 8296.0 0
1731170174948 8487.0 0
1731170174976 8676.0 0
1731170175027 8867.0 0
1731170175103 9048.0 0
1731170175189 9228.0 0
1731170175223 9412.0 0
1731170175268 9598.0 0
1731170175306 9780.0 0
1731170175396 9966.0 0
1731170175441 10152.0 0
1731170175489 10334.0 0
1731170175528 10523.0 0
1731170175561 10712.0 0
1731170175596 10898.0 0
1731170175631 11086.0 0
1731170175662 11280.0 0
1731170175694 11462.0 0
1731170175723 11644.0 0
1731170175766 11829.0 0
1731170175796 12013.0 0
1731170175829 12207.0 0
1731170175868 12396.0 0
1731170175914 12585.0 0
1731170175993 12770.0 0
1731170176032 12954.0 0
1731170176078 13138.0 0
1731170176118 13323.0 0
1731170176173 13509.0 0
1731170176240 13689.0 0
1731170176276 13876.0 0
1731170176307 14057.0 0
1731170176334 14241.0 0
1731170176376 14426.0 0
1731170176416 14614.0 0
1731170176451 14804.0 0
1731170176485 14993.0 0
1731170176515 15182.0 0
1731170176544 15371.0 0
1731170176573 15561.0 0
1731170176603 15750.0 0
1731170176636 15939.0 0
1731170176668 16130.0 0
1731170176704 16314.0 0
1731170176737 16498.0 0
1731170176766 16687.0 0
1731170176794 16869.0 0
1731170176825 17052.0 0
1731170176855 17238.0 0
1731170176889 17423.0 0
1731170176931 17612.0 0
1731170176969 17794.0 0
1731170177002 17981.0 0
1731170177042 18166.0 0
1731170177077 18357.0 0
1731170177118 18551.0 0
1731170177163 18740.0 0
1731170177199 18933.0 0
1731170177242 19126.0 0
1731170177274 19316.0 0
1731170177310 19503.0 0
1731170177344 19694.0 0
1731170177378 19884.0 0
1731170177411 20069.0 0
1731170177454 20254.0 0
1731170177495 20444.0 0
1731170177530 20629.0 0
1731170177571 20814.0 0
1731170177624 21000.0 0
1731170177654 21195.0 0
1731170177691 21383.0 0
1731170177733 21574.0 0
1731170177763 21762.0 0
1731170177798 21952.0 0
1731170177832 22143.0 0
1731170177862 22323.0 0
1731170177901 22515.0 0
1731170177938 22705.0 0
1731170177979 22894.0 0
1731170178018 23080.0 0
1731170178051 23266.0 0
1731170178084 23453.0 0
1731170178116 23645.0 0
1731170178152 23838.0 0
1731170178199 24024.0 0
1731170178239 24215.0 0
1731170178266 24403.0 0
1731170178297 24590.0 0
1731170178326 24779.0 0
1731170178356 24967.0 0
1731170178388 25157.0 0
1731170178435 25350.0 0
1731170178476 25534.0 0
1731170178511 25723.0 0
1731170178540 25912.0 0
1731170178569 26110.0 0
1731170178600 26298.0 0
1731170178635 26484.0 0
1731170178667 26670.0 0
1731170178699 26860.0 0
1731170178731 27049.0 0
1731170178768 27235.0 0
1731170178814 27426.0 0
1731170178848 27617.0 0
1731170178881 27810.0 0
1731170179031 27994.0 0
1731170179064 28182.0 0
1731170179095 28371.0 0
1731170179126 28557.0 0
1731170179154 28747.0 0
1731170179196 28938.0 0
1731170179240 29130.0 0
1731170179282 29318.0 0
1731170179324 29501.0 0
1731170179352 29696.0 0
1731170179385 29882.0 0
1731170179415 30070.0 0
1731170179447 30261.0 0
1731170179476 30453.0 0
1731170179507 30649.0 0
1731170179542 30842.0 0
1731170179572 31030.0 0
1731170179604 31223.0 0
1731170179640 31411.0 0
1731170179679 31600.0 0
1731170179719 31790.0 0
1731170179749 31980.0 0
1731170179779 32173.0 0
1731170179807 32361.0 0
1731170179836 32549.0 0
1731170179899 32738.0 0
1731170179934 32928.0 0
1731170179969 33116.0 0
1731170180007 33306.0 0
1731170180039 33498.0 0
1731170180074 33690.0 0
1731170180113 33881.0 0
1731170180144 34075.0 0
1731170180173 34264.0 0
1731170180202 34457.0 0
1731170180233 34642.0 0
1731170180262 34830.0 0
1731170180294 35017.0 0
1731170180324 35211.0 0
1731170180353 35408.0 0
1731170180383 35600.0 0
1731170180412 35788.0 0
1731170180446 35976.0 0
1731170180485 36170.0 0
1731170180527 36358.0 0
1731170180556 36552.0 0
1731170180591 36744.0 0
1731170180623 36935.0 0
1731170180656 37128.0 0
1731170180687 37324.0 0
1731170180718 37516.0 0
1731170180757 37706.0 0
1731170180792 37898.0 0
1731170180828 38093.0 0
1731170180857 38283.0 0
1731170180886 38476.0 0
1731170180932 38666.0 0
1731170180963 38858.0 0
1731170181003 39051.0 0
1731170181056 39241.0 0
1731170181090 39434.0 0
1731170181122 39619.0 0
1731170181156 39809.0 0
1731170181195 40005.0 0
1731170181238 40199.0 0
1731170181287 40391.0 0
1731170181333 40584.0 0
1731170181369 40772.0 0
1731170181409 40964.0 0
1731170181436 41155.0 0
1731170181466 41348.0 0
1731170181508 41542.0 0
1731170181553 41729.0 0
1731170181587 41920.0 0
1731170181623 42113.0 0
1731170181656 42304.0 0
1731170181689 42494.0 0
1731170181732 42685.0 0
1731170181765 42874.0 0
1731170181793 43059.0 0
1731170181823 43251.0 0
1731170181856 43442.0 0
1731170181885 43631.0 0
1731170181921 43817.0 0
1731170181955 44005.0 0
1731170182004 44193.0 0
1731170182043 44387.0 0
1731170182082 44581.0 0
1731170182111 44770.0 0
1731170182147 44961.0 0
1731170182186 45150.0 0
1731170182232 45341.0 0
1731170182264 45524.0 0
1731170182294 45710.0 0
1731170182327 45903.0 0
1731170182356 46092.0 0
1731170182396 46278.0 0
1731170182429 46468.0 0
1731170182466 46654.0 0
1731170182514 46836.0 0
1731170182558 47030.0 0
1731170182591 47212.0 0
1731170182624 47404.0 0
1731170182657 47594.0 0
1731170182689 47780.0 0
1731170182719 47965.0 0
1731170182751 48157.0 0
1731170182783 48343.0 0
1731170182819 48540.0 0
1731170182853 48731.0 0
1731170182888 48923.0 0
1731170182922 49120.0 0
1731170182959 49313.0 0
1731170183001 49503.0 0
1731170183038 49695.0 0
1731170183081 49888.0 0
1731170183114 50083.0 0
1731170183142 50273.0 0
1731170183175 50469.0 0
1731170183209 50663.0 0
1731170183253 50855.0 0
1731170183294 51051.0 0
1731170183335 51244.0 0
1731170183496 51434.0 0
1731170183542 51630.0 0
1731170183577 51824.0 0
1731170183617 52022.0 0
1731170183672 52213.0 0
1731170183703 52403.0 0
1731170183739 52596.0 0
1731170183794 52784.0 0
1731170183843 52978.0 0
1731170183943 53174.0 0
1731170184238 53366.0 0
1731170184296 53558.0 0
1731170184425 53753.0 0
1731170184520 53944.0 0
1731170184577 54140.0 0
1731170184633 54333.0 0
1731170184700 54523.0 0
1731170184793 54719.0 0
1731170184837 54915.0 0
1731170184881 55106.0 0
1731170184924 55301.0 0
1731170184962 55495.0 0
1731170185013 197.0 1
1731170185065 393.0 1
1731170185116 587.0 1
1731170185154 781.0 1
1731170185200 974.0 1
1731170185307 1165.0 1
1731170185389 1359.0 1
1731170185473 1554.0 1
1731170185535 1750.0 1
1731170185600 1944.0 1
1731170185640 2137.0 1
1731170185688 2333.0 1
1731170185735 2523.0 1
1731170185786 2718.0 1
1731170185823 2913.0 1
1731170185867 3108.0 1
1731170185906 3303.0 1
1731170185942 3495.0 1
1731170185973 3690.0 1
1731170186006 3884.0 1
1731170186036 4081.0 1
1731170186065 4272.0 1
1731170186100 4466.0 1
1731170186133 4658.0 1
1731170186168 4853.0 1
1731170186213 5050.0 1
1731170186321 5242.0 1
1731170186371 5438.0 1
1731170186416 5634.0 1
1731170186464 5824.0 1
1731170186513 6019.0 1
1731170186577 6217.0 1
1731170186611 6416.0 1
1731170186650 6613.0 1
1731170186690 6802.0 1
1731170186738 6996.0 1
1731170186767 7184.0 1
1731170186797 7380.0 1
1731170186826 7575.0 1
1731170186857 7768.0 1
1731170186891 7964.0 1
1731170186934 8158.0 1
1731170186977 8351.0 1
1731170187017 8543.0 1
1731170187071 8739.0 1
1731170187131 8933.0 1
1731170187167 9126.0 1
1731170187206 9319.0 1
1731170187241 9508.0 1
1731170187279 9701.0 1
1731170187316 9895.0 1
1731170187380 10090.0 1
1731170187428 10287.0 1
1731170187483 10478.0 1
1731170187520 10669.0 1
1731170187574 10862.0 1
1731170187643 11059.0 1
1731170187710 11254.0 1
1731170187770 11447.0 1
1731170187830 11643.0 1
1731170187880 11838.0 1
1731170187916 12032.0 1
1731170187956 12228.0 1
1731170187990 12425.0 1
1731170188038 12618.0 1
1731170188089 12808.0 1
1731170188126 12997.0 1
1731170188177 13193.0 1
1731170188219 13389.0 1
1731170188272 13582.0 1
1731170188324 13773.0 1
1731170188379 13969.0 1
1731170188415 14163.0 1
1731170188446 14354.0 1
1731170188480 14549.0 1
1731170188524 14748.0 1
1731170188576 14943.0 1
1731170188640 15139.0 1
1731170188681 15331.0 1
1731170188728 15528.0 1
1731170188769 15722.0 1
1731170188824 15912.0 1
1731170188869 16103.0 1
1731170188909 16292.0 1
1731170188947 16486.0 1
1731170188994 16682.0 1
1731170189106 16873.0 1
1731170189179 17067.0 1
1731170189219 17258.0 1
1731170189256 17453.0 1
1731170189378 17646.0 1
1731170189619 17836.0 1
1731170189710 18031.0 1
1731170189813 18223.0 1
1731170189940 18416.0 1
1731170190070 18612.0 1
1731170190147 18807.0 1
1731170190219 19001.0 1
1731170190292 19195.0 1
1731170190337 19390.0 1
1731170190447 19575.0 1
1731170190503 19769.0 1
1731170190606 19965.0 1
1731170190674 20162.0 1
1731170190874 20347.0 1
1731170190940 20540.0 1
1731170190975 20734.0 1
1731170191006 20926.0 1
1731170191037 21121.0 1
1731170191071 21316.0 1
1731170191102 21508.0 1
1731170191141 21707.0 1
1731170191171 21898.0 1
1731170191206 22094.0 1
1731170191243 22286.0 1
1731170191276 22483.0 1
1731170191309 22674.0 1
1731170191357 22868.0 1
1731170191399 23063.0 1
1731170191433 23257.0 1
1731170191482 23449.0 1
1731170191520 23640.0 1
1731170191554 23835.0 1
1731170191589 24030.0 1
1731170191623 24224.0 1
1731170191656 24413.0 1
1731170191700 24605.0 1
1731170191735 24796.0 1
1731170191777 24986.0 1
1731170191811 25177.0 1
1731170191851 25366.0 1
1731170191881 25560.0 1
1731170191924 25756.0 1
1731170191961 25948.0 1
1731170192001 26144.0 1
1731170192036 26334.0 1
1731170192067 26526.0 1
1731170192135 26718.0 1
1731170192166 26909.0 1
1731170192197 27100.0 1
1731170192229 27294.0 1
1731170192260 27494.0 1
1731170192291 27685.0 1
1731170192319 27882.0 1
1731170192353 28075.0 1
1731170192383 28272.0 1
1731170192420 28466.0 1
1731170192454 28655.0 1
1731170192489 28850.0 1
1731170192524 29040.0 1
1731170192554 29235.0 1
1731170192582 29424.0 1
1731170192612 29619.0 1
1731170192647 29816.0 1
1731170192712 30010.0 1
1731170192745 30203.0 1
1731170192778 30394.0 1
1731170192808 30584.0 1
1731170192838 30776.0 1
1731170192868 30969.0 1
1731170192904 31157.0 1
1731170192933 31347.0 1
1731170192964 31542.0 1
1731170192997 31739.0 1
1731170193030 31931.0 1
1731170193071 32123.0 1
1731170193113 32317.0 1
1731170193144 32510.0 1
1731170193173 32705.0 1
1731170193211 32901.0 1
1731170193241 33089.0 1
1731170193285 33285.0 1
1731170193327 33479.0 1
1731170193366 33677.0 1
1731170193400 33866.0 1
1731170193436 34059.0 1
1731170193471 34249.0 1
1731170193511 34443.0 1
1731170193554 34638.0 1
1731170193587 34822.0 1
1731170193621 35019.0 1
1731170193653 35213.0 1
1731170193686 35406.0 1
1731170193716 35596.0 1
1731170193746 35789.0 1
1731170193785 35982.0 1
1731170193819 36176.0 1
1731170193851 36367.0 1
1731170193888 36563.0 1
1731170193924 36759.0 1
1731170193962 36950.0 1
1731170193998 37142.0 1
1731170194028 37334.0 1
1731170194060 37529.0 1
1731170194098 37726.0 1
1731170194129 37916.0 1
1731170194161 38106.0 1
1731170194197 38298.0 1
1731170194233 38493.0 1
1731170194273 38685.0 1
1731170194332 38880.0 1
1731170194372 39075.0 1
1731170194407 39271.0 1
1731170194448 39462.0 1
1731170194482 39654.0 1
1731170194514 39843.0 1
1731170194552 40039.0 1
1731170194580 40229.0 1
1731170194615 40421.0 1
1731170194648 40614.0 1
1731170194682 40803.0 1
1731170194732 40996.0 1
1731170194764 41191.0 1
1731170194794 41385.0 1
1731170194825 41577.0 1
1731170194856 41772.0 1
1731170194887 41970.0 1
1731170194918 42164.0 1
1731170194955 42360.0 1
1731170194994 42552.0 1
1731170195044 42748.0 1
1731170195100 42939.0 1
1731170195160 43130.0 1
1731170195203 43319.0 1
1731170195290 43511.0 1
1731170195333 43708.0 1
1731170195368 43898.0 1
1731170195418 44094.0 1
1731170195467 44286.0 1
1731170195533 44483.0 1
1731170195582 44680.0 1
1731170195614 44877.0 1
1731170195663 45071.0 1
1731170195701 45263.0 1
1731170195739 45457.0 1
1731170195777 45652.0 1
1731170195815 45844.0 1
1731170195861 46037.0 1
1731170195893 46234.0 1
1731170195930 46427.0 1
1731170195970 46618.0 1
1731170196010 46815.0 1
1731170196045 47008.0 1
1731170196087 47203.0 1
1731170196143 47399.0 1
1731170196176 47590.0 1
1731170196211 47783.0 1
1731170196339 47977.0 1
1731170196376 48171.0 1
1731170196420 48367.0 1
1731170196462 48561.0 1
1731170196503 48755.0 1
1731170196582 48949.0 1
1731170196610 49140.0 1
1731170196647 49332.0 1
1731170196683 49526.0 1
1731170196724 49724.0 1
1731170196773 49920.0 1
1731170196825 50116.0 1
1731170196897 50308.0 1
1731170196948 50500.0 1
1731170196993 50691.0 1
1731170197023 50887.0 1
1731170197057 51082.0 1
1731170197086 51277.0 1
1731170197121 51471.0 1
1731170197154 51662.0 1
1731170197185 51853.0 1
1731170197216 52045.0 1
1731170197251 52240.0 1
1731170197285 52431.0 1
1731170197317 52626.0 1
1731170197357 52821.0 1
1731170197411 53014.0 1
1731170197460 53210.0 1
1731170197502 53404.0 1
1731170197540 53597.0 1
1731170197581 53794.0 1
1731170197613 53990.0 1
1731170197663 54186.0 1
1731170197697 54375.0 1
1731170197738 54568.0 1
1731170197771 54763.0 1
1731170197812 54957.0 1
1731170197852 55150.0 1
1731170197885 55340.0 1
1731170197920 55531.0 1
1731170197952 55724.0 1
1731170197983 55920.0 1
1731170198017 56115.0 1
1731170198063 56310.0 1
1731170198119 56501.0 1
1731170198197 56696.0 1
1731170198293 56894.0 1
1731170198343 57091.0 1
1731170198387 57280.0 1
1731170198421 57473.0 1
1731170198453 57670.0 1
1731170198487 57860.0 1
1731170198523 58054.0 1
1731170198570 195.0 2
1731170198604 391.0 2
1731170198637 587.0 2
1731170198681 780.0 2
1731170198726 973.0 2
1731170198778 1170.0 2
1731170198843 1368.0 2
1731170198874 1564.0 2
1731170198908 1753.0 2
1731170198952 1945.0 2
1731170198998 2141.0 2
1731170199055 2334.0 2
1731170199284 2531.0 2
1731170199467 2726.0 2
1731170199552 2920.0 2
1731170199589 3115.0 2
1731170199657 3305.0 2
1731170199699 3501.0 2
1731170199729 3693.0 2
1731170199777 3888.0 2
1731170199827 4083.0 2
1731170199866 4277.0 2
1731170199904 4473.0 2
1731170199943 4670.0 2
1731170199990 4859.0 2
1731170200029 5057.0 2
1731170200074 5251.0 2
1731170200106 5447.0 2
1731170200141 5641.0 2
1731170200186 5839.0 2
1731170200217 6033.0 2
1731170200270 6226.0 2
1731170200307 6425.0 2
1731170200344 6622.0 2
1731170200382 6816.0 2
1731170200415 7009.0 2
1731170200447 7202.0 2
1731170200479 7393.0 2
1731170200556 7592.0 2
1731170200601 7785.0 2
1731170200641 7983.0 2
1731170200673 8179.0 2
1731170200707 8377.0 2
1731170200739 8574.0 2
1731170200773 8770.0 2
1731170200810 8965.0 2
1731170200843 9159.0 2
1731170200914 9354.0 2
1731170200943 9548.0 2
1731170200977 9745.0 2
1731170201007 9939.0 2
1731170201043 10136.0 2
1731170201111 10329.0 2
1731170201149 10519.0 2
1731170201191 10714.0 2
1731170201231 10911.0 2
1731170201274 11105.0 2
1731170201314 11299.0 2
1731170201351 11496.0 2
1731170201392 11693.0 2
1731170201421 11890.0 2
1731170201456 12082.0 2
1731170201488 12275.0 2
1731170201549 12472.0 2
1731170201588 12665.0 2
1731170201622 12862.0 2
1731170201654 13057.0 2
1731170201690 13251.0 2
1731170201733 13449.0 2
1731170201772 13645.0 2
1731170201817 13843.0 2
1731170201877 14038.0 2
1731170201909 14237.0 2
1731170201946 14432.0 2
1731170201987 14624.0 2
1731170202021 14818.0 2
1731170202060 15011.0 2
1731170202108 15208.0 2
1731170202145 15400.0 2
1731170202180 15599.0 2
1731170202211 15791.0 2
1731170202243 15985.0 2
1731170202273 16180.0 2
1731170202304 16377.0 2
1731170202336 16575.0 2
1731170202366 16767.0 2
1731170202406 16964.0 2
1731170202437 17161.0 2
1731170202475 17357.0 2
1731170202515 17548.0 2
1731170202544 17743.0 2
1731170202575 17937.0 2
1731170202605 18133.0 2
1731170202634 18332.0 2
1731170202666 18530.0 2
1731170202696 18727.0 2
1731170202727 18923.0 2
1731170202760 19119.0 2
1731170202792 19317.0 2
1731170202822 19513.0 2
1731170202852 19706.0 2
1731170202881 19905.0 2
1731170202913 20099.0 2
1731170202943 20294.0 2
1731170202974 20487.0 2
1731170203007 20684.0 2
1731170203044 20881.0 2
1731170203090 21074.0 2
1731170203124 21268.0 2
1731170203172 21464.0 2
1731170203213 21656.0 2
1731170203260 21850.0 2
1731170203295 22047.0 2
1731170203323 22240.0 2
1731170203353 22434.0 2
1731170203384 22630.0 2
1731170203426 22822.0 2
1731170203461 23018.0 2
1731170203500 23207.0 2
1731170203538 23405.0 2
1731170203589 23601.0 2
1731170203624 23798.0 2
1731170203654 23993.0 2
1731170203689 24188.0 2
1731170203763 24386.0 2
1731170203798 24580.0 2
1731170203831 24775.0 2
1731170203862 24963.0 2
1731170203893 25158.0 2
1731170203924 25350.0 2
1731170203957 25545.0 2
1731170204000 25737.0 2
1731170204036 25933.0 2
1731170204089 26129.0 2
1731170204126 26326.0 2
1731170204191 26521.0 2
1731170204229 26714.0 2
1731170204292 26910.0 2
1731170204331 27105.0 2
1731170204374 27299.0 2
1731170204464 27496.0 2
1731170204508 27693.0 2
1731170204542 27882.0 2
1731170204574 28078.0 2
1731170204607 28276.0 2
1731170204638 28468.0 2
1731170204670 28664.0 2
1731170204699 28855.0 2
1731170204731 29049.0 2
1731170204760 29249.0 2
1731170204810 29446.0 2
1731170204868 29638.0 2
1731170204907 29835.0 2
1731170204952 30030.0 2
1731170204998 30222.0 2
1731170205108 30416.0 2
1731170205152 30612.0 2
1731170205183 30808.0 2
1731170205228 31001.0 2
1731170205297 31198.0 2
1731170205341 31391.0 2
1731170205397 31584.0 2
1731170205447 31780.0 2
1731170205495 31969.0 2
1731170205538 32164.0 2
1731170205580 32355.0 2
1731170205623 32550.0 2
1731170205677 32739.0 2
1731170205721 32937.0 2
1731170205772 33129.0 2
1731170205823 33323.0 2
1731170205865 33516.0 2
1731170205897 33711.0 2
1731170205932 33908.0 2
1731170205980 34103.0 2
1731170206026 34295.0 2
1731170206066 34487.0 2
1731170206106 34683.0 2
1731170206159 34875.0 2
1731170206202 35069.0 2
1731170206270 35262.0 2
1731170206311 35456.0 2
1731170206344 35647.0 2
1731170206387 35841.0 2
1731170206456 36039.0 2
1731170206528 36235.0 2
1731170206573 36429.0 2
1731170206615 36626.0 2
1731170206661 36822.0 2
1731170206705 37013.0 2
1731170206749 37209.0 2
1731170206854 37408.0 2
1731170206913 37606.0 2
1731170206944 37797.0 2
1731170206976 37992.0 2
1731170207006 38189.0 2
1731170207044 38383.0 2
1731170207076 38581.0 2
1731170207106 38779.0 2
1731170207134 38967.0 2
1731170207169 39161.0 2
1731170207244 39356.0 2
1731170207281 39552.0 2
1731170207313 39750.0 2
1731170207350 39945.0 2
1731170207507 40141.0 2
1731170207555 40335.0 2
1731170207593 40529.0 2
1731170207624 40726.0 2
1731170207662 40925.0 2
1731170207693 41120.0 2
1731170207725 41311.0 2
1731170207766 41503.0 2
1731170207812 41694.0 2
1731170207847 41886.0 2
1731170207886 42082.0 2
1731170207923 42273.0 2
1731170207955 42469.0 2
1731170207991 42661.0 2
1731170208029 42854.0 2
1731170208067 43050.0 2
1731170208118 43247.0 2
1731170208151 43443.0 2
1731170208180 43639.0 2
1731170208211 43834.0 2
1731170208241 44033.0 2
1731170208275 44226.0 2
1731170208321 44418.0 2
1731170208364 44617.0 2
1731170208408 44812.0 2
1731170208443 45005.0 2
1731170208486 45200.0 2
1731170208522 45395.0 2
1731170208554 45591.0 2
1731170208585 45785.0 2
1731170208622 45984.0 2
1731170208649 46183.0 2
1731170208684 46380.0 2
1731170208716 46573.0 2
1731170208749 46764.0 2
1731170208783 46957.0 2
1731170208817 47151.0 2
1731170208854 47348.0 2
1731170208895 47542.0 2
1731170208929 47738.0 2
1731170208970 47935.0 2
1731170209001 48130.0 2
1731170209034 48323.0 2
1731170209075 48516.0 2
1731170209108 48712.0 2
1731170209152 48910.0 2
1731170209192 49107.0 2
1731170209233 49300.0 2
1731170209309 49495.0 2
1731170209341 49687.0 2
1731170209379 49877.0 2
1731170209410 50073.0 2
1731170209442 50263.0 2
1731170209477 50454.0 2
1731170209510 50647.0 2
1731170209547 50839.0 2
1731170209591 51032.0 2
1731170209642 51225.0 2
1731170209677 51418.0 2
1731170209711 51612.0 2
1731170209744 51811.0 2
1731170209781 52007.0 2
1731170209816 52201.0 2
1731170209850 52396.0 2
1731170210074 52595.0 2
1731170210128 52790.0 2
1731170210169 52990.0 2
1731170210214 53185.0 2
1731170210275 53380.0 2
1731170210599 53576.0 2
1731170210830 53769.0 2
1731170210955 53966.0 2
1731170211042 54159.0 2
1731170211092 54354.0 2
1731170211130 54550.0 2
1731170211173 54745.0 2
1731170211281 54944.0 2
1731170211324 55132.0 2
1731170211380 55329.0 2
1731170211431 55523.0 2
1731170211510 55719.0 2
1731170211562 55911.0 2
1731170211620 56109.0 2
1731170211664 56303.0 2
1731170211700 56494.0 2
1731170211736 56686.0 2
1731170211775 56880.0 2
1731170211819 57078.0 2
1731170211863 57271.0 2
1731170211917 57461.0 2
1731170211953 57654.0 2
1731170211987 57847.0 2
1731170212031 58043.0 2
1731170212069 58236.0 2
1731170212133 58431.0 2
1731170212189 195.0 3
1731170212229 386.0 3
1731170212270 582.0 3
1731170212333 778.0 3
1731170212372 976.0 3
1731170212417 1174.0 3
1731170212450 1367.0 3
1731170212488 1565.0 3
1731170212524 1763.0 3
1731170212567 1958.0 3
1731170212609 2150.0 3
1731170212641 2344.0 3
1731170212744 2541.0 3
1731170212789 2734.0 3
1731170212817 2931.0 3
1731170212849 3128.0 3
1731170212884 3323.0 3
1731170212923 3521.0 3
1731170212962 3716.0 3
1731170212998 3908.0 3
1731170213033 4107.0 3
1731170213079 4304.0 3
1731170213128 4501.0 3
1731170213178 4699.0 3
1731170213222 4897.0 3
1731170213278 5092.0 3
1731170213335 5284.0 3
1731170213377 5478.0 3
1731170213466 5673.0 3
1731170213512 5871.0 3
1731170213553 6066.0 3
1731170213619 6262.0 3
1731170213684 6457.0 3
1731170213721 6654.0 3
1731170213753 6852.0 3
1731170213784 7041.0 3
1731170213816 7236.0 3
1731170213844 7434.0 3
1731170213874 7627.0 3
1731170213906 7819.0 3
1731170213939 8012.0 3
1731170213979 8208.0 3
1731170214011 8406.0 3
1731170214059 8605.0 3
1731170214094 8802.0 3
1731170214128 8994.0 3
1731170214164 9188.0 3
1731170214203 9384.0 3
1731170214242 9580.0 3
1731170214271 9775.0 3
1731170214304 9967.0 3
1731170214351 10161.0 3
1731170214401 10355.0 3
1731170214437 10550.0 3
1731170214466 10748.0 3
1731170214510 10943.0 3
1731170214548 11135.0 3
1731170214592 11330.0 3
1731170214648 11526.0 3
1731170214684 11723.0 3
1731170214720 11915.0 3
1731170214748 12114.0 3
1731170214783 12312.0 3
1731170214834 12508.0 3
1731170214878 12704.0 3
1731170214929 12901.0 3
1731170214984 13098.0 3
1731170215026 13295.0 3
1731170215063 13491.0 3
1731170215095 13687.0 3
1731170215137 13882.0 3
1731170215199 14081.0 3
1731170215245 14273.0 3
1731170215289 14472.0 3
1731170215329 14668.0 3
1731170215374 14862.0 3
1731170215425 15057.0 3
1731170215468 15257.0 3
1731170215500 15455.0 3
1731170215529 15653.0 3
1731170215560 15848.0 3
1731170215593 16045.0 3
1731170215623 16243.0 3
1731170215652 16439.0 3
1731170215695 16637.0 3
1731170215747 16835.0 3
1731170215787 17032.0 3
1731170215821 17226.0 3
1731170215862 17420.0 3
1731170215910 17618.0 3
1731170215945 17814.0 3
1731170215989 18012.0 3
1731170216043 18208.0 3
1731170216142 18401.0 3
1731170216206 18599.0 3
1731170216249 18796.0 3
1731170216284 18995.0 3
1731170216320 19193.0 3
1731170216369 19391.0 3
1731170216405 19590.0 3
1731170216436 19784.0 3
1731170216466 19982.0 3
1731170216494 20173.0 3
1731170216526 20370.0 3
1731170216562 20566.0 3
1731170216598 20762.0 3
1731170216637 20961.0 3
1731170216669 21160.0 3
1731170216701 21353.0 3
1731170216740 21550.0 3
1731170216770 21742.0 3
1731170216805 21937.0 3
1731170216836 22132.0 3
1731170216865 22330.0 3
1731170216894 22528.0 3
1731170216935 22721.0 3
1731170216970 22919.0 3
1731170217008 23117.0 3
1731170217042 23310.0 3
1731170217092 23506.0 3
1731170217125 23703.0 3
1731170217157 23898.0 3
1731170217187 24095.0 3
1731170217214 24291.0 3
1731170217247 24485.0 3
1731170217277 24680.0 3
1731170217310 24878.0 3
1731170217342 25074.0 3
1731170217372 25270.0 3
1731170217403 25464.0 3
1731170217435 25660.0 3
1731170217469 25853.0 3
1731170217498 26048.0 3
1731170217532 26243.0 3
1731170217567 26441.0 3
1731170217600 26637.0 3
1731170217642 26832.0 3
1731170217678 27025.0 3
1731170217719 27222.0 3
1731170217763 27416.0 3
1731170217795 27615.0 3
1731170217833 27811.0 3
1731170217862 28007.0 3
1731170217892 28203.0 3
1731170217923 28400.0 3
1731170217954 28595.0 3
1731170217987 28787.0 3
1731170218015 28985.0 3
1731170218084 29180.0 3
1731170218119 29374.0 3
1731170218157 29569.0 3
1731170218190 29766.0 3
1731170218220 29962.0 3
1731170218260 30158.0 3
1731170218303 30353.0 3
1731170218333 30549.0 3
1731170218369 30747.0 3
1731170218401 30940.0 3
1731170218433 31137.0 3
1731170218483 31333.0 3
1731170218529 31531.0 3
1731170218569 31727.0 3
1731170218614 31922.0 3
1731170218641 32114.0 3
1731170218673 32310.0 3
1731170218710 32507.0 3
1731170218745 32706.0 3
1731170218798 32903.0 3
1731170218838 33098.0 3
1731170218881 33294.0 3
1731170218919 33492.0 3
1731170218959 33689.0 3
1731170218996 33888.0 3
1731170219043 34082.0 3
1731170219081 34279.0 3
1731170219117 34476.0 3
1731170219149 34673.0 3
1731170219182 34865.0 3
1731170219214 35061.0 3
1731170219243 35255.0 3
1731170219274 35450.0 3
1731170219304 35647.0 3
1731170219339 35845.0 3
1731170219373 36041.0 3
1731170219404 36239.0 3
1731170219439 36434.0 3
1731170219471 36631.0 3
1731170219501 36823.0 3
1731170219531 37021.0 3
1731170219575 37220.0 3
1731170219611 37419.0 3
1731170219651 37618.0 3
1731170219682 37812.0 3
1731170219713 38011.0 3
1731170219743 38204.0 3
1731170219775 38397.0 3
1731170219809 38592.0 3
1731170219842 38787.0 3
1731170219873 38986.0 3
1731170219914 39182.0 3
1731170219954 39377.0 3
1731170219992 39569.0 3
1731170220079 39761.0 3
1731170220110 39954.0 3
1731170220139 40149.0 3
1731170220173 40347.0 3
1731170220215 40543.0 3
1731170220272 40737.0 3
1731170220308 40933.0 3
1731170220335 41129.0 3
1731170220366 41325.0 3
1731170220399 41519.0 3
1731170220428 41710.0 3
1731170220462 41905.0 3
1731170220495 42099.0 3
1731170220527 42291.0 3
1731170220566 42489.0 3
1731170220601 42685.0 3
1731170220647 42879.0 3
1731170220691 43074.0 3
1731170220741 43270.0 3
1731170220779 43470.0 3
1731170220808 43666.0 3
1731170220842 43863.0 3
1731170220870 44062.0 3
1731170220906 44257.0 3
1731170220942 44449.0 3
1731170220987 44647.0 3
1731170221023 44843.0 3
1731170221065 45042.0 3
1731170221108 45238.0 3
1731170221145 45427.0 3
1731170221189 45625.0 3
1731170221240 45822.0 3
1731170221272 46018.0 3
1731170221339 46216.0 3
1731170221373 46409.0 3
1731170221411 46601.0 3
1731170221442 46792.0 3
1731170221470 46990.0 3
1731170221505 47182.0 3
1731170221534 47379.0 3
1731170221578 47574.0 3
1731170221613 47772.0 3
1731170221650 47968.0 3
1731170221692 48163.0 3
1731170221731 48361.0 3
1731170221764 48559.0 3
1731170221795 48757.0 3
1731170221827 48954.0 3
1731170221873 49144.0 3
1731170221907 49341.0 3
1731170221946 49536.0 3
1731170221976 49729.0 3
1731170222009 49923.0 3
1731170222039 50121.0 3
1731170222083 50315.0 3
1731170222156 50510.0 3
1731170222193 50705.0 3
1731170222234 50900.0 3
1731170222280 51096.0 3
1731170222328 51289.0 3
1731170222365 51482.0 3
1731170222408 51679.0 3
1731170222455 51875.0 3
1731170222490 52073.0 3
1731170222530 52267.0 3
1731170222559 52464.0 3
1731170222587 52656.0 3
1731170222619 52852.0 3
1731170222651 53047.0 3
1731170222686 53241.0 3
1731170222733 53437.0 3
1731170222768 53636.0 3
1731170222800 53833.0 3
1731170222833 54030.0 3
1731170222861 54224.0 3
1731170222904 54418.0 3
1731170222937 54616.0 3
1731170222971 54811.0 3
1731170223009 55006.0 3
1731170223040 55201.0 3
1731170223084 55397.0 3
1731170223119 55590.0 3
1731170223150 55787.0 3
1731170223178 55983.0 3
1731170223211 56178.0 3
1731170223271 56371.0 3
1731170223308 56563.0 3
1731170223353 56756.0 3
1731170223398 56950.0 3
1731170223448 57142.0 3
1731170223494 57339.0 3
1731170223544 57534.0 3
1731170223577 57731.0 3
1731170223608 57925.0 3
1731170223641 58118.0 3
1731170223675 58312.0 3
1731170223710 58507.0 3
1731170223739 58700.0 3
1731170223782 196.0 4
1731170223813 392.0 4
1731170223841 591.0 4
1731170223869 788.0 4
1731170223902 984.0 4
1731170223934 1180.0 4
1731170223966 1373.0 4
1731170224004 1571.0 4
1731170224034 1766.0 4
1731170224069 1965.0 4
1731170224102 2161.0 4
1731170224130 2356.0 4
1731170224170 2553.0 4
1731170224198 2751.0 4
1731170224233 2944.0 4
1731170224262 3141.0 4
1731170224291 3338.0 4
1731170224322 3535.0 4
1731170224351 3732.0 4
1731170224388 3930.0 4
1731170224419 4124.0 4
1731170224453 4320.0 4
1731170224486 4516.0 4
1731170224523 4713.0 4
1731170224556 4908.0 4
1731170224594 5104.0 4
1731170224628 5301.0 4
1731170224660 5493.0 4
1731170224708 5692.0 4
1731170224743 5891.0 4
1731170224777 6087.0 4
1731170224811 6281.0 4
1731170224845 6477.0 4
1731170224887 6674.0 4
1731170224924 6870.0 4
1731170224963 7066.0 4
1731170225040 7265.0 4
1731170225192 7464.0 4
1731170225258 7661.0 4
1731170225415 7860.0 4
1731170225472 8055.0 4
1731170225504 8252.0 4
1731170225614 8450.0 4
1731170225657 8649.0 4
1731170225692 8847.0 4
1731170225727 9045.0 4
1731170225761 9244.0 4
1731170225794 9438.0 4
1731170225824 9636.0 4
1731170225884 9832.0 4
1731170225914 10030.0 4
1731170225944 10225.0 4
1731170225992 10419.0 4
1731170226022 10613.0 4
1731170226054 10810.0 4
1731170226094 11005.0 4
1731170226126 11198.0 4
1731170226167 11389.0 4
1731170226198 11584.0 4
1731170226236 11784.0 4
1731170226270 11980.0 4
1731170226299 12175.0 4
1731170226342 12374.0 4
1731170226384 12568.0 4
1731170226420 12765.0 4
1731170226454 12963.0 4
1731170226491 13158.0 4
1731170226527 13355.0 4
1731170226602 13551.0 4
1731170226633 13748.0 4
1731170226663 13945.0 4
1731170226699 14142.0 4
1731170226728 14337.0 4
1731170226764 14533.0 4
1731170226793 14727.0 4
1731170226831 14923.0 4
1731170226867 15120.0 4
1731170226912 15316.0 4
1731170226961 15511.0 4
1731170227006 15704.0 4
1731170227041 15901.0 4
1731170227076 16095.0 4
1731170227106 16294.0 4
1731170227140 16487.0 4
1731170227170 16686.0 4
1731170227204 16885.0 4
1731170227233 17082.0 4
1731170227265 17278.0 4
1731170227294 17473.0 4
1731170227333 17667.0 4
1731170227376 17863.0 4
1731170227412 18060.0 4
1731170227443 18257.0 4
1731170227476 18456.0 4
1731170227513 18653.0 4
1731170227595 18849.0 4
1731170227637 19044.0 4
1731170227669 19240.0 4
1731170227704 19436.0 4
1731170227745 19636.0 4
1731170227789 19831.0 4
1731170227828 20025.0 4
1731170227859 20222.0 4
1731170227894 20417.0 4
1731170227936 20611.0 4
1731170227971 20809.0 4
1731170228021 21005.0 4
1731170228053 21202.0 4
1731170228084 21397.0 4
1731170228113 21590.0 4
1731170228144 21788.0 4
1731170228178 21985.0 4
1731170228209 22182.0 4
1731170228248 22376.0 4
1731170228276 22570.0 4
1731170228312 22769.0 4
1731170228348 22966.0 4
1731170228387 23163.0 4
1731170228421 23360.0 4
1731170228450 23556.0 4
1731170228479 23753.0 4
1731170228508 23950.0 4
1731170228540 24148.0 4
1731170228566 24347.0 4
1731170228594 24544.0 4
1731170228622 24743.0 4
1731170228657 24941.0 4
1731170228691 25140.0 4
1731170228733 25336.0 4
1731170228768 25535.0 4
1731170228802 25731.0 4
1731170228835 25925.0 4
1731170228864 26124.0 4
1731170228894 26323.0 4
1731170228924 26516.0 4
1731170228957 26712.0 4
1731170228991 26908.0 4
1731170229032 27102.0 4
1731170229062 27298.0 4
1731170229096 27496.0 4
1731170229126 27694.0 4
1731170229160 27889.0 4
1731170229192 28088.0 4
1731170229229 28284.0 4
1731170229265 28480.0 4
1731170229299 28678.0 4
1731170229328 28874.0 4
1731170229361 29070.0 4
1731170229394 29263.0 4
1731170229427 29461.0 4
1731170229460 29656.0 4
1731170229499 29855.0 4
1731170229615 30052.0 4
1731170229644 30248.0 4
1731170229690 30442.0 4
1731170229742 30639.0 4
1731170229790 30838.0 4
1731170229835 31035.0 4
1731170229870 31234.0 4
1731170229910 31429.0 4
1731170229947 31627.0 4
1731170229985 31821.0 4
1731170230019 32018.0 4
1731170230091 32218.0 4
1731170230129 32414.0 4
1731170230163 32609.0 4
1731170230195 32804.0 4
1731170230235 33002.0 4
1731170230269 33198.0 4
1731170230299 33397.0 4
1731170230337 33594.0 4
1731170230394 33792.0 4
1731170230438 33989.0 4
1731170230473 34186.0 4
1731170230513 34382.0 4
1731170230543 34580.0 4
1731170230572 34777.0 4
1731170230600 34974.0 4
1731170230632 35169.0 4
1731170230670 35364.0 4
1731170230717 35556.0 4
1731170230771 35753.0 4
1731170230803 35948.0 4
1731170230839 36144.0 4
1731170230871 36340.0 4
1731170230903 36538.0 4
1731170230940 36732.0 4
1731170230972 36922.0 4
1731170231000 37115.0 4
1731170231044 37311.0 4
1731170231092 37505.0 4
1731170231134 37699.0 4
1731170231163 37893.0 4
1731170231205 38088.0 4
1731170231246 38284.0 4
1731170231297 38479.0 4
1731170231337 38679.0 4
1731170231378 38874.0 4
1731170231413 39068.0 4
1731170231452 39260.0 4
1731170231486 39456.0 4
1731170231522 39655.0 4
1731170231555 39849.0 4
1731170231587 40047.0 4
1731170231617 40244.0 4
1731170231645 40438.0 4
1731170231675 40631.0 4
1731170231718 40825.0 4
1731170231761 41020.0 4
1731170231801 41217.0 4
1731170231831 41415.0 4
1731170231861 41610.0 4
1731170231890 41806.0 4
1731170231918 42001.0 4
1731170231960 42197.0 4
1731170232004 42394.0 4
1731170232040 42589.0 4
1731170232078 42782.0 4
1731170232131 42979.0 4
1731170232174 43172.0 4
1731170232207 43367.0 4
1731170232244 43558.0 4
1731170232275 43756.0 4
1731170232309 43955.0 4
1731170232338 44150.0 4
1731170232371 44343.0 4
1731170232406 44537.0 4
1731170232442 44734.0 4
1731170232480 44927.0 4
1731170232523 45122.0 4
1731170232558 45319.0 4
1731170232602 45518.0 4
1731170232641 45711.0 4
1731170232677 45908.0 4
1731170232708 46107.0 4
1731170232742 46300.0 4
1731170232771 46494.0 4
1731170232803 46689.0 4
1731170232836 46885.0 4
1731170232875 47079.0 4
1731170232931 47272.0 4
1731170232970 47467.0 4
1731170233012 47664.0 4
1731170233062 47859.0 4
1731170233165 48054.0 4
1731170233215 48250.0 4
1731170233279 48448.0 4
1731170233322 48643.0 4
1731170233358 48838.0 4
1731170233400 49033.0 4
1731170233433 49230.0 4
1731170233482 49425.0 4
1731170233529 49621.0 4
1731170233582 49818.0 4
1731170233622 50015.0 4
1731170233668 50212.0 4
1731170233716 50407.0 4
1731170233774 50604.0 4
1731170233824 50800.0 4
1731170233864 50991.0 4
1731170233902 51189.0 4
1731170233958 51384.0 4
1731170234001 51581.0 4
1731170234051 51773.0 4
1731170234101 51970.0 4
1731170234128 52168.0 4
1731170234167 52364.0 4
1731170234196 52563.0 4
1731170234238 52758.0 4
1731170234269 52955.0 4
1731170234298 53148.0 4
1731170234341 53343.0 4
1731170234386 53540.0 4
1731170234422 53736.0 4
1731170234453 53932.0 4
1731170234481 54126.0 4
1731170234511 54324.0 4
1731170234547 54520.0 4
1731170234582 54719.0 4
1731170234617 54916.0 4
1731170234655 55114.0 4
1731170234698 55308.0 4
1731170234738 55502.0 4
1731170234772 55700.0 4
1731170234818 55896.0 4
1731170234866 56090.0 4
1731170234913 56288.0 4
1731170234957 56486.0 4
1731170235001 56682.0 4
1731170235059 56878.0 4
1731170235173 57070.0 4
1731170235217 57270.0 4
1731170235274 57467.0 4
1731170235325 57663.0 4
1731170235365 57859.0 4
1731170235402 58051.0 4
1731170235442 58246.0 4
1731170235475 58443.0 4
1731170235514 58637.0 4
1731170235561 58832.0 4
1731170235742 198.0 5
1731170235820 395.0 5
1731170235856 590.0 5
1731170235888 786.0 5
1731170235936 984.0 5
1731170236090 1184.0 5
1731170236127 1381.0 5
1731170236160 1579.0 5
1731170236195 1777.0 5
1731170236251 1974.0 5
1731170236308 2171.0 5
1731170236352 2367.0 5
1731170236399 2564.0 5
1731170236444 2764.0 5
1731170236485 2962.0 5
1731170236519 3160.0 5
1731170236580 3355.0 5
1731170236632 3547.0 5
1731170236671 3746.0 5
1731170236712 3944.0 5
1731170236757 4137.0 5
1731170236799 4331.0 5
1731170236938 4527.0 5
1731170237134 4722.0 5
1731170237292 4920.0 5
1731170237344 5116.0 5
1731170237387 5312.0 5
1731170237443 5506.0 5
1731170237489 5702.0 5
1731170237539 5900.0 5
1731170237584 6094.0 5
1731170237625 6291.0 5
1731170237667 6489.0 5
1731170237711 6685.0 5
1731170237760 6883.0 5
1731170237813 7077.0 5
1731170237849 7272.0 5
1731170237894 7471.0 5
1731170237930 7669.0 5
1731170238033 7864.0 5
1731170238082 8063.0 5
1731170238117 8261.0 5
1731170238152 8454.0 5
1731170238197 8647.0 5
1731170238235 8839.0 5
1731170238281 9038.0 5
1731170238323 9234.0 5
1731170238390 9430.0 5
1731170238429 9624.0 5
1731170238474 9823.0 5
1731170238517 10019.0 5
1731170238586 10214.0 5
1731170238640 10411.0 5
1731170238725 10605.0 5
1731170238779 10801.0 5
1731170238827 11000.0 5
1731170238868 11198.0 5
1731170238932 11396.0 5
1731170238985 11593.0 5
1731170239035 11791.0 5
1731170239086 11989.0 5
1731170239133 12188.0 5
1731170239178 12387.0 5
1731170239245 12585.0 5
1731170239346 12781.0 5
1731170239390 12979.0 5
1731170239434 13175.0 5
1731170239508 13373.0 5
1731170239552 13572.0 5
1731170239600 13771.0 5
1731170239637 13969.0 5
1731170239674 14168.0 5
1731170239728 14366.0 5
1731170239774 14563.0 5
1731170239829 14760.0 5
1731170239865 14959.0 5
1731170239900 15154.0 5
1731170239936 15353.0 5
1731170239968 15551.0 5
1731170240009 15750.0 5
1731170240044 15949.0 5
1731170240084 16147.0 5
1731170240127 16347.0 5
1731170240173 16545.0 5
1731170240217 16743.0 5
1731170240266 16941.0 5
1731170240312 17138.0 5
1731170240354 17336.0 5
1731170240385 17534.0 5
1731170240416 17732.0 5
1731170240453 17930.0 5
1731170240486 18124.0 5
1731170240517 18324.0 5
1731170240565 18521.0 5
1731170240605 18717.0 5
1731170240698 18913.0 5
1731170240775 19110.0 5
1731170240815 19308.0 5
1731170240852 19504.0 5
1731170240893 19703.0 5
1731170240936 19901.0 5
1731170240985 20100.0 5
1731170241055 20292.0 5
1731170241154 20486.0 5
1731170241190 20681.0 5
1731170241225 20879.0 5
1731170241268 21077.0 5
1731170241305 21276.0 5
1731170241361 21473.0 5
1731170241420 21668.0 5
1731170241451 21865.0 5
1731170241488 22062.0 5
1731170241519 22258.0 5
1731170241548 22454.0 5
1731170241581 22651.0 5
1731170241625 22848.0 5
1731170241666 23046.0 5
1731170241732 23244.0 5
1731170241780 23442.0 5
1731170241821 23638.0 5
1731170241871 23835.0 5
1731170241915 24030.0 5
1731170241963 24225.0 5
1731170242007 24424.0 5
1731170242046 24620.0 5
1731170242093 24817.0 5
1731170242138 25013.0 5
1731170242175 25208.0 5
1731170242220 25404.0 5
1731170242268 25600.0 5
1731170242339 25796.0 5
1731170242389 25992.0 5
1731170242448 26191.0 5
1731170242484 26389.0 5
1731170242516 26585.0 5
1731170242550 26784.0 5
1731170242597 26982.0 5
1731170242642 27178.0 5
1731170242684 27371.0 5
1731170242736 27564.0 5
1731170242784 27762.0 5
1731170242828 27959.0 5
1731170242870 28158.0 5
1731170242923 28353.0 5
1731170242968 28551.0 5
1731170243015 28744.0 5
1731170243064 28944.0 5
1731170243105 29139.0 5
1731170243142 29338.0 5
1731170243173 29533.0 5
1731170243207 29729.0 5
1731170243246 29925.0 5
1731170243282 30123.0 5
1731170243324 30317.0 5
1731170243357 30513.0 5
1731170243391 30711.0 5
1731170243430 30908.0 5
1731170243465 31103.0 5
1731170243503 31301.0 5
1731170243536 31498.0 5
1731170243573 31698.0 5
1731170243624 31895.0 5
1731170243656 32093.0 5
1731170243688 32289.0 5
1731170243720 32486.0 5
1731170243752 32684.0 5
1731170243783 32884.0 5
1731170243810 33081.0 5
1731170243849 33275.0 5
1731170243893 33470.0 5
1731170243934 33669.0 5
1731170243979 33865.0 5
1731170244020 34064.0 5
1731170244065 34261.0 5
1731170244097 34459.0 5
1731170244138 34658.0 5
1731170244173 34856.0 5
1731170244219 35055.0 5
1731170244272 35248.0 5
1731170244317 35445.0 5
1731170244362 35641.0 5
1731170244426 35838.0 5
1731170244471 36036.0 5
1731170244514 36230.0 5
1731170244574 36430.0 5
1731170244621 36628.0 5
1731170244665 36824.0 5
1731170244719 37022.0 5
1731170244775 37217.0 5
1731170244828 37415.0 5
1731170244863 37614.0 5
1731170244915 37810.0 5
1731170245009 38008.0 5
1731170245146 38203.0 5
1731170245289 38400.0 5
1731170245362 38597.0 5
1731170245430 38795.0 5
1731170245476 38992.0 5
1731170245508 39187.0 5
1731170245554 39381.0 5
1731170245596 39577.0 5
1731170245651 39776.0 5
1731170245712 39974.0 5
1731170245772 40171.0 5
1731170245849 40369.0 5
1731170245915 40567.0 5
1731170245961 40763.0 5
1731170246039 40959.0 5
1731170246078 41155.0 5
1731170246112 41346.0 5
1731170246165 41542.0 5
1731170246246 41740.0 5
1731170246333 41935.0 5
1731170246403 42130.0 5
1731170246456 42326.0 5
1731170246506 42523.0 5
1731170246558 42720.0 5
1731170246606 42912.0 5
1731170246647 43109.0 5
1731170246693 43308.0 5
1731170246730 43504.0 5
1731170246765 43700.0 5
1731170246809 43900.0 5
1731170246900 44095.0 5
1731170246932 44293.0 5
1731170246978 44493.0 5
1731170247015 44689.0 5
1731170247052 44887.0 5
1731170247098 45086.0 5
1731170247138 45280.0 5
1731170247175 45474.0 5
1731170247204 45673.0 5
1731170247237 45868.0 5
1731170247277 46061.0 5
1731170247308 46261.0 5
1731170247341 46458.0 5
1731170247378 46656.0 5
1731170247414 46851.0 5
1731170247450 47048.0 5
1731170247498 47242.0 5
1731170247531 47437.0 5
1731170247568 47635.0 5
1731170247607 47829.0 5
1731170247641 48024.0 5
1731170247680 48220.0 5
1731170247719 48418.0 5
1731170247752 48611.0 5
1731170247786 48808.0 5
1731170247832 49005.0 5
1731170247869 49199.0 5
1731170247907 49394.0 5
1731170247950 49591.0 5
1731170247983 49787.0 5
1731170248012 49981.0 5
1731170248041 50180.0 5
1731170248099 50378.0 5
1731170248188 50574.0 5
1731170248243 50771.0 5
1731170248297 50966.0 5
1731170248357 51163.0 5
1731170248400 51360.0 5
1731170248439 51556.0 5
1731170248493 51754.0 5
1731170248547 51951.0 5
1731170248600 52149.0 5
1731170248640 52343.0 5
1731170248673 52539.0 5
1731170248716 52734.0 5
1731170248753 52929.0 5
1731170248789 53123.0 5
1731170248828 53319.0 5
1731170248867 53514.0 5
1731170248901 53711.0 5
1731170248944 53908.0 5
1731170248984 54102.0 5
1731170249022 54299.0 5
1731170249069 54493.0 5
1731170249104 54689.0 5
1731170249148 54886.0 5
1731170249180 55083.0 5
1731170249222 55282.0 5
1731170249275 55480.0 5
1731170249316 55676.0 5
1731170249345 55872.0 5
1731170249373 56069.0 5
1731170249402 56263.0 5
1731170249434 56461.0 5
1731170249473 56656.0 5
1731170249506 56854.0 5
1731170249542 57053.0 5
1731170249573 57248.0 5
1731170249613 57447.0 5
1731170249655 57645.0 5
1731170249692 57844.0 5
1731170249731 58040.0 5
1731170249783 58237.0 5
1731170249856 58436.0 5
1731170249884 58636.0 5
1731170249917 58834.0 5
1731170249948 59031.0 5
1731170249998 195.0 6
1731170250033 394.0 6
1731170250073 591.0 6
1731170250108 791.0 6
1731170250139 990.0 6
1731170250172 1186.0 6
1731170250204 1386.0 6
1731170250266 1584.0 6
1731170250302 1783.0 6
1731170250336 1982.0 6
1731170250370 2179.0 6
1731170250401 2374.0 6
1731170250434 2573.0 6
1731170250474 2770.0 6
1731170250510 2968.0 6
1731170250547 3167.0 6
1731170250581 3365.0 6
1731170250610 3563.0 6
1731170250645 3760.0 6
1731170250707 3953.0 6
1731170250790 4151.0 6
1731170250835 4349.0 6
1731170250874 4546.0 6
1731170250918 4745.0 6
1731170250953 4942.0 6
1731170250998 5139.0 6
1731170251088 5335.0 6
1731170251132 5534.0 6
1731170251200 5733.0 6
1731170251246 5932.0 6
1731170251289 6128.0 6
1731170251333 6323.0 6
1731170251373 6519.0 6
1731170251412 6715.0 6
1731170251456 6914.0 6
1731170251488 7110.0 6
1731170251524 7306.0 6
1731170251561 7502.0 6
1731170251595 7702.0 6
1731170251629 7899.0 6
1731170251660 8095.0 6
1731170251698 8293.0 6
1731170251729 8489.0 6
1731170251762 8685.0 6
1731170251794 8880.0 6
1731170251825 9079.0 6
1731170251856 9279.0 6
1731170251891 9474.0 6
1731170251925 9669.0 6
1731170251962 9865.0 6
1731170252010 10062.0 6
1731170252055 10259.0 6
1731170252157 10458.0 6
1731170252195 10653.0 6
1731170252245 10849.0 6
1731170252297 11044.0 6
1731170252349 11240.0 6
1731170252387 11436.0 6
1731170252418 11634.0 6
1731170252455 11833.0 6
1731170252494 12027.0 6
1731170252540 12223.0 6
1731170252578 12423.0 6
1731170252611 12623.0 6
1731170252642 12820.0 6
1731170252803 13017.0 6
1731170252892 13212.0 6
1731170252927 13406.0 6
1731170252962 13605.0 6
1731170253009 13803.0 6
1731170253070 14001.0 6
1731170253127 14197.0 6
1731170253190 14393.0 6
1731170253282 14592.0 6
1731170253387 14789.0 6
1731170253450 14986.0 6
1731170253498 15180.0 6
1731170253542 15378.0 6
1731170253667 15573.0 6
1731170253701 15769.0 6
1731170253746 15967.0 6
1731170253806 16165.0 6
1731170253875 16361.0 6
1731170253949 16556.0 6
1731170253991 16755.0 6
1731170254027 16954.0 6
1731170254058 17153.0 6
1731170254104 17349.0 6
1731170254159 17548.0 6
1731170254193 17743.0 6
1731170254241 17942.0 6
1731170254367 18139.0 6
1731170254418 18337.0 6
1731170254444 18533.0 6
1731170254506 18731.0 6
1731170254546 18927.0 6
1731170254584 19122.0 6
1731170254623 19320.0 6
1731170254660 19517.0 6
1731170254701 19714.0 6
1731170254742 19909.0 6
1731170254778 20107.0 6
1731170254811 20303.0 6
1731170254845 20502.0 6
1731170254876 20698.0 6
1731170254906 20895.0 6
1731170254944 21092.0 6
1731170254981 21289.0 6
1731170255010 21484.0 6
1731170255040 21681.0 6
1731170255075 21877.0 6
1731170255110 22071.0 6
1731170255186 22270.0 6
1731170255235 22467.0 6
1731170255270 22661.0 6
1731170255306 22856.0 6
1731170255357 23053.0 6
1731170255394 23249.0 6
1731170255435 23445.0 6
1731170255484 23640.0 6
1731170255531 23838.0 6
1731170255581 24034.0 6
1731170255619 24230.0 6
1731170255648 24427.0 6
1731170255676 24623.0 6
1731170255706 24820.0 6
1731170255743 25018.0 6
1731170255798 25212.0 6
1731170255831 25409.0 6
1731170255863 25609.0 6
1731170255892 25806.0 6
1731170255921 26001.0 6
1731170255958 26200.0 6
1731170255992 26397.0 6
1731170256031 26595.0 6
1731170256060 26793.0 6
1731170256102 26989.0 6
1731170256141 27189.0 6
1731170256190 27386.0 6
1731170256223 27585.0 6
1731170256261 27785.0 6
1731170256291 27984.0 6
1731170256323 28182.0 6
1731170256363 28380.0 6
1731170256402 28576.0 6
1731170256432 28773.0 6
1731170256467 28967.0 6
1731170256496 29162.0 6
1731170256525 29361.0 6
1731170256619 29557.0 6
1731170256669 29755.0 6
1731170256719 29948.0 6
1731170256761 30142.0 6
1731170256803 30335.0 6
1731170256863 30530.0 6
1731170256911 30728.0 6
1731170256956 30927.0 6
1731170256986 31124.0 6
1731170257016 31323.0 6
1731170257048 31522.0 6
1731170257089 31717.0 6
1731170257133 31914.0 6
1731170257186 32110.0 6
1731170257223 32305.0 6
1731170257260 32497.0 6
1731170257294 32690.0 6
1731170257335 32887.0 6
1731170257377 33084.0 6
1731170257411 33281.0 6
1731170257443 33477.0 6
1731170257500 33675.0 6
1731170257539 33875.0 6
1731170257583 34073.0 6
1731170257613 34269.0 6
1731170257651 34464.0 6
1731170257681 34660.0 6
1731170257727 34858.0 6
1731170257767 35050.0 6
1731170257810 35246.0 6
1731170257840 35443.0 6
1731170257882 35642.0 6
1731170257927 35838.0 6
1731170257968 36031.0 6
1731170257999 36225.0 6
1731170258033 36423.0 6
1731170258066 36619.0 6
1731170258107 36814.0 6
1731170258141 37010.0 6
1731170258179 37207.0 6
1731170258226 37402.0 6
1731170258260 37598.0 6
1731170258292 37795.0 6
1731170258323 37991.0 6
1731170258366 38182.0 6
1731170258407 38374.0 6
1731170258438 38569.0 6
1731170258475 38768.0 6
1731170258509 38960.0 6
1731170258541 39154.0 6
1731170258583 39350.0 6
1731170258614 39547.0 6
1731170258642 39741.0 6
1731170258672 39940.0 6
1731170258701 40133.0 6
1731170258731 40331.0 6
1731170258768 40527.0 6
1731170258805 40726.0 6
1731170258843 40923.0 6
1731170258875 41120.0 6
1731170258907 41314.0 6
1731170258942 41513.0 6
1731170258976 41710.0 6
1731170259013 41905.0 6
1731170259045 42102.0 6
1731170259095 42299.0 6
1731170259130 42496.0 6
1731170259174 42694.0 6
1731170259210 42892.0 6
1731170259244 43090.0 6
1731170259292 43286.0 6
1731170259327 43486.0 6
1731170259358 43686.0 6
1731170259391 43884.0 6
1731170259422 44082.0 6
1731170259451 44279.0 6
1731170259489 44476.0 6
1731170259523 44672.0 6
1731170259555 44868.0 6
1731170259589 45068.0 6
1731170259621 45266.0 6
1731170259651 45462.0 6
1731170259682 45660.0 6
1731170259840 45857.0 6
1731170259877 46055.0 6
1731170259910 46251.0 6
1731170259948 46448.0 6
1731170259996 46642.0 6
1731170260045 46838.0 6
1731170260092 47036.0 6
1731170260131 47232.0 6
1731170260190 47430.0 6
1731170260228 47626.0 6
1731170260258 47819.0 6
1731170260288 48018.0 6
1731170260321 48215.0 6
1731170260363 48412.0 6
1731170260402 48611.0 6
1731170260438 48810.0 6
1731170260472 49008.0 6
1731170260503 49205.0 6
1731170260530 49401.0 6
1731170260609 49593.0 6
1731170260641 49791.0 6
1731170260677 49988.0 6
1731170260713 50185.0 6
1731170260749 50381.0 6
1731170260783 50580.0 6
1731170260819 50776.0 6
1731170260859 50974.0 6
1731170260901 51172.0 6
1731170260951 51365.0 6
1731170260996 51560.0 6
1731170261040 51755.0 6
1731170261089 51951.0 6
1731170261123 52147.0 6
1731170261161 52342.0 6
1731170261203 52540.0 6
1731170261247 52739.0 6
1731170261295 52933.0 6
1731170261335 53125.0 6
1731170261366 53320.0 6
1731170261394 53514.0 6
1731170261422 53713.0 6
1731170261452 53912.0 6
1731170261483 54109.0 6
1731170261517 54306.0 6
1731170261548 54502.0 6
1731170261579 54696.0 6
1731170261610 54892.0 6
1731170261639 55090.0 6
1731170261669 55289.0 6
1731170261699 55487.0 6
1731170261742 55680.0 6
1731170261780 55871.0 6
1731170261817 56067.0 6
1731170261849 56265.0 6
1731170261886 56464.0 6
1731170261917 56660.0 6
1731170261952 56856.0 6
1731170261988 57049.0 6
1731170262021 57245.0 6
1731170262054 57442.0 6
1731170262087 57640.0 6
1731170262122 57834.0 6
1731170262151 58031.0 6
1731170262184 58225.0 6
1731170262224 58424.0 6
1731170262273 58620.0 6
1731170262351 58814.0 6
1731170262449 59010.0 6
1731170262543 199.0 7
1731170262587 397.0 7
1731170262631 593.0 7
1731170262670 792.0 7
1731170262708 990.0 7
1731170262763 1188.0 7
1731170262806 1385.0 7
1731170262845 1582.0 7
1731170262876 1780.0 7
1731170262910 1978.0 7
1731170262947 2177.0 7
1731170262995 2375.0 7
1731170263033 2574.0 7
1731170263076 2773.0 7
1731170263113 2972.0 7
1731170263147 3168.0 7
1731170263193 3365.0 7
1731170263233 3565.0 7
1731170263271 3762.0 7
1731170263308 3958.0 7
1731170263350 4152.0 7
1731170263386 4352.0 7
1731170263416 4544.0 7
1731170263449 4741.0 7
1731170263487 4941.0 7
1731170263538 5138.0 7
1731170263589 5334.0 7
1731170263630 5532.0 7
1731170263673 5728.0 7
1731170263712 5927.0 7
1731170263747 6125.0 7
1731170263777 6323.0 7
1731170263814 6522.0 7
1731170263849 6721.0 7
1731170263885 6919.0 7
1731170263928 7115.0 7
1731170263970 7308.0 7
1731170264005 7505.0 7
1731170264037 7705.0 7
1731170264080 7904.0 7
1731170264121 8101.0 7
1731170264171 8300.0 7
1731170264240 8497.0 7
1731170264272 8695.0 7
1731170264305 8894.0 7
1731170264337 9088.0 7
1731170264373 9283.0 7
1731170264426 9481.0 7
1731170264464 9677.0 7
1731170264496 9874.0 7
1731170264525 10072.0 7
1731170264556 10267.0 7
1731170264590 10463.0 7
1731170264626 10661.0 7
1731170264663 10858.0 7
1731170264697 11055.0 7
1731170264739 11253.0 7
1731170264769 11451.0 7
1731170264803 11645.0 7
1731170264854 11842.0 7
1731170264900 12039.0 7
1731170264942 12238.0 7
1731170264982 12435.0 7
1731170265024 12633.0 7
1731170265065 12830.0 7
1731170265100 13024.0 7
1731170265145 13218.0 7
1731170265188 13413.0 7
1731170265236 13611.0 7
1731170265295 13805.0 7
1731170265331 14003.0 7
1731170265371 14202.0 7
1731170265411 14399.0 7
1731170265450 14597.0 7
1731170265488 14794.0 7
1731170265524 14990.0 7
1731170265567 15187.0 7
1731170265609 15385.0 7
1731170265645 15577.0 7
1731170265688 15774.0 7
1731170265720 15970.0 7
1731170265756 16167.0 7
1731170265795 16364.0 7
1731170265829 16562.0 7
1731170265869 16760.0 7
1731170265912 16955.0 7
1731170265955 17154.0 7
1731170266003 17353.0 7
1731170266041 17551.0 7
1731170266078 17749.0 7
1731170266114 17946.0 7
1731170266154 18141.0 7
1731170266191 18339.0 7
1731170266229 18538.0 7
1731170266283 18733.0 7
1731170266318 18930.0 7
1731170266357 19125.0 7
1731170266397 19322.0 7
1731170266440 19519.0 7
1731170266485 19717.0 7
1731170266519 19915.0 7
1731170266551 20115.0 7
1731170266580 20315.0 7
1731170266629 20507.0 7
1731170266664 20705.0 7
1731170266696 20900.0 7
1731170266736 21092.0 7
1731170266777 21289.0 7
1731170266815 21489.0 7
1731170266851 21684.0 7
1731170266879 21883.0 7
1731170266911 22079.0 7
1731170266942 22275.0 7
1731170266974 22472.0 7
1731170267005 22670.0 7
1731170267032 22867.0 7
1731170267067 23064.0 7
1731170267113 23261.0 7
1731170267146 23458.0 7
1731170267200 23654.0 7
1731170267242 23852.0 7
1731170267278 24048.0 7
1731170267311 24243.0 7
1731170267357 24442.0 7
1731170267391 24640.0 7
1731170267425 24838.0 7
1731170267466 25033.0 7
1731170267511 25232.0 7
1731170267549 25431.0 7
1731170267587 25631.0 7
1731170267625 25827.0 7
1731170267658 26024.0 7
1731170267693 26223.0 7
1731170267723 26419.0 7
1731170267754 26615.0 7
1731170267783 26813.0 7
1731170267812 27012.0 7
1731170267841 27208.0 7
1731170267875 27404.0 7
1731170267909 27599.0 7
1731170267946 27794.0 7
1731170267983 27993.0 7
1731170268022 28193.0 7
1731170268071 28392.0 7
1731170268106 28589.0 7
1731170268141 28785.0 7
1731170268177 28975.0 7
1731170268208 29169.0 7
1731170268255 29367.0 7
1731170268286 29566.0 7
1731170268323 29765.0 7
1731170268364 29959.0 7
1731170268408 30155.0 7
1731170268451 30350.0 7
1731170268494 30545.0 7
1731170268526 30740.0 7
1731170268557 30939.0 7
1731170268589 31137.0 7
1731170268622 31333.0 7
1731170268661 31531.0 7
1731170268703 31726.0 7
1731170268748 31924.0 7
1731170268784 32123.0 7
1731170268825 32321.0 7
1731170268859 32519.0 7
1731170268910 32715.0 7
1731170268958 32913.0 7
1731170269012 33107.0 7
1731170269051 33302.0 7
1731170269091 33496.0 7
1731170269158 33692.0 7
1731170269199 33891.0 7
1731170269240 34089.0 7
1731170269277 34287.0 7
1731170269313 34482.0 7
1731170269347 34678.0 7
1731170269387 34874.0 7
1731170269426 35069.0 7
1731170269464 35267.0 7
1731170269502 35464.0 7
1731170269535 35659.0 7
1731170269568 35855.0 7
1731170269604 36050.0 7
1731170269638 36243.0 7
1731170269667 36442.0 7
1731170269697 36642.0 7
1731170269772 36834.0 7
1731170269814 37033.0 7
1731170269854 37228.0 7
1731170269918 37424.0 7
1731170269946 37621.0 7
1731170269977 37815.0 7
1731170270019 38013.0 7
1731170270054 38208.0 7
1731170270095 38407.0 7
1731170270123 38604.0 7
1731170270154 38799.0 7
1731170270190 38995.0 7
1731170270219 39191.0 7
1731170270264 39389.0 7
1731170270299 39584.0 7
1731170270332 39777.0 7
1731170270381 39976.0 7
1731170270426 40171.0 7
1731170270462 40369.0 7
1731170270493 40565.0 7
1731170270529 40765.0 7
1731170270560 40957.0 7
1731170270599 41151.0 7
1731170270634 41345.0 7
1731170270677 41544.0 7
1731170270714 41741.0 7
1731170270763 41940.0 7
1731170270796 42137.0 7
1731170270846 42334.0 7
1731170270889 42533.0 7
1731170270918 42728.0 7
1731170270960 42926.0 7
1731170271001 43123.0 7
1731170271042 43321.0 7
1731170271082 43516.0 7
1731170271116 43714.0 7
1731170271147 43912.0 7
1731170271179 44109.0 7
1731170271229 44307.0 7
1731170271261 44505.0 7
1731170271295 44702.0 7
1731170271328 44900.0 7
1731170271368 45099.0 7
1731170271402 45298.0 7
1731170271433 45494.0 7
1731170271464 45694.0 7
1731170271506 45892.0 7
1731170271558 46090.0 7
1731170271595 46286.0 7
1731170271638 46482.0 7
1731170271668 46681.0 7
1731170271707 46880.0 7
1731170271751 47079.0 7
1731170271792 47277.0 7
1731170271825 47474.0 7
1731170271871 47671.0 7
1731170271908 47870.0 7
1731170271937 48068.0 7
1731170271967 48265.0 7
1731170271998 48464.0 7
1731170272031 48661.0 7
1731170272070 48856.0 7
1731170272103 49054.0 7
1731170272136 49254.0 7
1731170272168 49452.0 7
1731170272208 49649.0 7
1731170272252 49847.0 7
1731170272297 50045.0 7
1731170272348 50245.0 7
1731170272393 50443.0 7
1731170272449 50642.0 7
1731170272493 50837.0 7
1731170272586 51035.0 7
1731170272638 51235.0 7
1731170272684 51428.0 7
1731170272729 51624.0 7
1731170272800 51821.0 7
1731170272850 52019.0 7
1731170272884 52217.0 7
1731170272918 52416.0 7
1731170272951 52613.0 7
1731170272981 52809.0 7
1731170273010 53007.0 7
1731170273041 53206.0 7
1731170273072 53403.0 7
1731170273102 53600.0 7
1731170273134 53799.0 7
1731170273162 53997.0 7
1731170273194 54195.0 7
1731170273226 54389.0 7
1731170273271 54587.0 7
1731170273310 54783.0 7
1731170273354 54980.0 7
1731170273382 55179.0 7
1731170273411 55376.0 7
1731170273441 55575.0 7
1731170273472 55772.0 7
1731170273513 55969.0 7
1731170273547 56166.0 7
1731170273590 56363.0 7
1731170273632 56559.0 7
1731170273665 56756.0 7
1731170273699 56952.0 7
1731170273732 57150.0 7
1731170273772 57343.0 7
1731170273809 57543.0 7
1731170273840 57739.0 7
1731170273876 57936.0 7
1731170273913 58135.0 7
1731170273946 58334.0 7
1731170273985 58530.0 7
1731170274021 58727.0 7
1731170274052 58920.0 7
1731170274092 59119.0 7
1731170274149 197.0 8
1731170274191 396.0 8
1731170274225 596.0 8
1731170274270 796.0 8
1731170274297 991.0 8
1731170274332 1186.0 8
1731170274368 1381.0 8
1731170274409 1579.0 8
1731170274450 1776.0 8
1731170274484 1975.0 8
1731170274521 2169.0 8
1731170274549 2367.0 8
1731170274592 2565.0 8
1731170274638 2763.0 8
1731170274668 2963.0 8
1731170274704 3161.0 8
1731170274741 3358.0 8
1731170274778 3553.0 8
1731170274810 3751.0 8
1731170274850 3949.0 8
1731170274880 4147.0 8
1731170274911 4344.0 8
1731170274950 4541.0 8
1731170274996 4740.0 8
1731170275023 4940.0 8
1731170275128 5139.0 8
1731170275165 5334.0 8
1731170275199 5534.0 8
1731170275233 5728.0 8
1731170275261 5924.0 8
1731170275298 6123.0 8
1731170275332 6322.0 8
1731170275363 6518.0 8
1731170275403 6716.0 8
1731170275437 6914.0 8
1731170275471 7112.0 8
1731170275517 7310.0 8
1731170275553 7508.0 8
1731170275593 7705.0 8
1731170275626 7902.0 8
1731170275658 8101.0 8
1731170275693 8297.0 8
1731170275733 8495.0 8
1731170275765 8694.0 8
1731170275795 8893.0 8
1731170275824 9090.0 8
1731170275859 9285.0 8
1731170275910 9484.0 8
1731170275949 9679.0 8
1731170275980 9877.0 8
1731170276014 10075.0 8
1731170276053 10274.0 8
1731170276125 10473.0 8
1731170276163 10669.0 8
1731170276210 10869.0 8
1731170276260 11067.0 8
1731170276298 11266.0 8
1731170276335 11463.0 8
1731170276368 11661.0 8
1731170276405 11860.0 8
1731170276449 12060.0 8
1731170276499 12258.0 8
1731170276539 12453.0 8
1731170276573 12650.0 8
1731170276623 12849.0 8
1731170276653 13044.0 8
1731170276685 13242.0 8
1731170276714 13439.0 8
1731170276748 13636.0 8
1731170276796 13835.0 8
1731170276846 14034.0 8
1731170276883 14229.0 8
1731170276930 14427.0 8
1731170277002 14625.0 8
1731170277042 14823.0 8
1731170277084 15021.0 8
1731170277115 15218.0 8
1731170277149 15415.0 8
1731170277185 15605.0 8
1731170277224 15799.0 8
1731170277262 15998.0 8
1731170277302 16195.0 8
1731170277336 16393.0 8
1731170277377 16591.0 8
1731170277431 16784.0 8
1731170277474 16979.0 8
1731170277506 17177.0 8
1731170277536 17374.0 8
1731170277566 17574.0 8
1731170277597 17771.0 8
1731170277635 17967.0 8
1731170277670 18164.0 8
1731170277704 18361.0 8
1731170277740 18559.0 8
1731170277776 18758.0 8
1731170277807 18954.0 8
1731170277845 19153.0 8
1731170277882 19351.0 8
1731170277913 19548.0 8
1731170277944 19743.0 8
1731170277975 19941.0 8
1731170278007 20137.0 8
1731170278038 20335.0 8
1731170278065 20531.0 8
1731170278101 20726.0 8
1731170278134 20925.0 8
1731170278168 21125.0 8
1731170278211 21318.0 8
1731170278256 21514.0 8
1731170278288 21708.0 8
1731170278323 21908.0 8
1731170278352 22106.0 8
1731170278394 22303.0 8
1731170278426 22502.0 8
1731170278458 22697.0 8
1731170278489 22894.0 8
1731170278521 23092.0 8
1731170278560 23289.0 8
1731170278593 23488.0 8
1731170278631 23679.0 8
1731170278665 23877.0 8
1731170278707 24076.0 8
1731170278743 24273.0 8
1731170278774 24468.0 8
1731170278809 24667.0 8
1731170278841 24864.0 8
1731170278872 25063.0 8
1731170278913 25262.0 8
1731170278952 25458.0 8
1731170278985 25654.0 8
1731170279021 25853.0 8
1731170279057 26050.0 8
1731170279095 26249.0 8
1731170279131 26449.0 8
1731170279161 26647.0 8
1731170279194 26846.0 8
1731170279234 27044.0 8
1731170279273 27239.0 8
1731170279313 27437.0 8
1731170279348 27635.0 8
1731170279384 27832.0 8
1731170279422 28027.0 8
1731170279455 28223.0 8
1731170279493 28421.0 8
1731170279529 28619.0 8
1731170279578 28814.0 8
1731170279615 29008.0 8
1731170279655 29206.0 8
1731170279702 29405.0 8
1731170279735 29601.0 8
1731170279766 29799.0 8
1731170279797 29996.0 8
1731170279828 30194.0 8
1731170279857 30392.0 8
1731170279889 30589.0 8
1731170279935 30784.0 8
1731170279969 30980.0 8
1731170280014 31176.0 8
1731170280088 31371.0 8
1731170280123 31567.0 8
1731170280151 31765.0 8
1731170280185 31961.0 8
1731170280214 32155.0 8
1731170280251 32353.0 8
1731170280291 32550.0 8
1731170280323 32747.0 8
1731170280356 32944.0 8
1731170280390 33140.0 8
1731170280430 33336.0 8
1731170280463 33528.0 8
1731170280494 33722.0 8
1731170280523 33920.0 8
1731170280558 34117.0 8
1731170280586 34316.0 8
1731170280621 34509.0 8
1731170280662 34706.0 8
1731170280705 34904.0 8
1731170280744 35102.0 8
1731170280781 35299.0 8
1731170280828 35497.0 8
1731170280869 35695.0 8
1731170280906 35889.0 8
1731170280941 36088.0 8
1731170280969 36283.0 8
1731170281013 36479.0 8
1731170281042 36675.0 8
1731170281075 36875.0 8
1731170281107 37074.0 8
1731170281155 37274.0 8
1731170281191 37469.0 8
1731170281229 37662.0 8
1731170281268 37861.0 8
1731170281307 38059.0 8
1731170281347 38256.0 8
1731170281378 38453.0 8
1731170281408 38649.0 8
1731170281438 38847.0 8
1731170281470 39040.0 8
1731170281499 39239.0 8
1731170281533 39433.0 8
1731170281568 39629.0 8
1731170281608 39826.0 8
1731170281653 40025.0 8
1731170281693 40221.0 8
1731170281743 40418.0 8
1731170281775 40617.0 8
1731170281811 40814.0 8
1731170281840 41010.0 8
1731170281869 41208.0 8
1731170281903 41401.0 8
1731170281931 41599.0 8
1731170281967 41793.0 8
1731170282006 41988.0 8
1731170282035 42185.0 8
1731170282066 42381.0 8
1731170282097 42578.0 8
1731170282127 42776.0 8
1731170282157 42970.0 8
1731170282186 43163.0 8
1731170282223 43360.0 8
1731170282261 43558.0 8
1731170282298 43752.0 8
1731170282328 43947.0 8
1731170282368 44144.0 8
1731170282397 44340.0 8
1731170282432 44537.0 8
1731170282459 44736.0 8
1731170282488 44928.0 8
1731170282518 45123.0 8
1731170282555 45323.0 8
1731170282606 45520.0 8
1731170282641 45718.0 8
1731170282674 45914.0 8
1731170282710 46109.0 8
1731170282747 46308.0 8
1731170282789 46506.0 8
1731170282827 46705.0 8
1731170282877 46903.0 8
1731170282918 47100.0 8
1731170282953 47297.0 8
1731170282998 47494.0 8
1731170283030 47694.0 8
1731170283060 47890.0 8
1731170283095 48087.0 8
1731170283124 48284.0 8
1731170283155 48481.0 8
1731170283185 48680.0 8
1731170283216 48880.0 8
1731170283248 49077.0 8
1731170283280 49276.0 8
1731170283313 49473.0 8
1731170283347 49669.0 8
1731170283375 49864.0 8
1731170283407 50064.0 8
1731170283448 50262.0 8
1731170283493 50461.0 8
1731170283522 50659.0 8
1731170283549 50857.0 8
1731170283590 51052.0 8
1731170283628 51249.0 8
1731170283668 51447.0 8
1731170283702 51644.0 8
1731170283742 51841.0 8
1731170283773 52038.0 8
1731170283802 52235.0 8
1731170283835 52430.0 8
1731170283863 52628.0 8
1731170283895 52827.0 8
1731170283929 53024.0 8
1731170283960 53221.0 8
1731170283989 53421.0 8
1731170284020 53619.0 8
1731170284063 53817.0 8
1731170284096 54014.0 8
1731170284131 54206.0 8
1731170284165 54403.0 8
1731170284202 54600.0 8
1731170284241 54797.0 8
1731170284271 54995.0 8
1731170284306 55191.0 8
1731170284335 55387.0 8
1731170284372 55585.0 8
1731170284406 55782.0 8
1731170284444 55976.0 8
1731170284492 56172.0 8
1731170284522 56367.0 8
1731170284556 56561.0 8
1731170284590 56757.0 8
1731170284627 56956.0 8
1731170284656 57154.0 8
1731170284687 57349.0 8
1731170284717 57546.0 8
1731170284747 57745.0 8
1731170284790 57943.0 8
1731170284821 58142.0 8
1731170284854 58338.0 8
1731170284883 58533.0 8
1731170284915 58729.0 8
1731170284958 58926.0 8
1731170284999 59124.0 8
1731170285056 198.0 9
1731170285108 395.0 9
1731170285146 592.0 9
1731170285179 789.0 9
1731170285212 986.0 9
1731170285248 1184.0 9
1731170285277 1383.0 9
1731170285310 1582.0 9
1731170285340 1778.0 9
1731170285369 1976.0 9
1731170285398 2172.0 9
1731170285428 2371.0 9
1731170285459 2568.0 9
1731170285485 2764.0 9
1731170285519 2959.0 9
1731170285572 3158.0 9
1731170285621 3357.0 9
1731170285661 3555.0 9
1731170285697 3754.0 9
1731170285737 3952.0 9
1731170285774 4150.0 9
1731170285810 4346.0 9
1731170285842 4544.0 9
1731170285888 4741.0 9
1731170285916 4937.0 9
1731170285943 5136.0 9
1731170285980 5333.0 9
1731170286012 5530.0 9
1731170286043 5729.0 9
1731170286082 5924.0 9
1731170286112 6119.0 9
1731170286148 6315.0 9
1731170286177 6513.0 9
1731170286206 6710.0 9
1731170286242 6906.0 9
1731170286286 7101.0 9
1731170286338 7295.0 9
1731170286410 7492.0 9
1731170286439 7688.0 9
1731170286468 7884.0 9
1731170286497 8080.0 9
1731170286573 8274.0 9
1731170286620 8470.0 9
1731170286663 8669.0 9
1731170286703 8863.0 9
1731170286731 9060.0 9
1731170286766 9258.0 9
1731170286801 9453.0 9
1731170286837 9650.0 9
1731170286878 9848.0 9
1731170286914 10047.0 9
1731170286949 10241.0 9
1731170286983 10439.0 9
1731170287013 10636.0 9
1731170287056 10833.0 9
1731170287089 11029.0 9
1731170287124 11227.0 9
1731170287157 11426.0 9
1731170287185 11625.0 9
1731170287215 11823.0 9
1731170287245 12019.0 9
1731170287278 12217.0 9
1731170287317 12415.0 9
1731170287354 12608.0 9
1731170287387 12803.0 9
1731170287428 13000.0 9
1731170287470 13197.0 9
1731170287507 13397.0 9
1731170287538 13594.0 9
1731170287569 13794.0 9
1731170287599 13990.0 9
1731170287632 14187.0 9
1731170287666 14385.0 9
1731170287699 14581.0 9
1731170287732 14776.0 9
1731170287766 14974.0 9
1731170287796 15171.0 9
1731170287829 15366.0 9
1731170287860 15562.0 9
1731170287892 15761.0 9
1731170287926 15960.0 9
1731170287968 16155.0 9
1731170288004 16350.0 9
1731170288037 16546.0 9
1731170288071 16744.0 9
1731170288102 16940.0 9
1731170288131 17139.0 9
1731170288178 17333.0 9
1731170288214 17526.0 9
1731170288276 17724.0 9
1731170288317 17918.0 9
1731170288365 18115.0 9
1731170288399 18308.0 9
1731170288448 18505.0 9
1731170288496 18697.0 9
1731170288530 18888.0 9
1731170288567 19082.0 9
1731170288604 19275.0 9
1731170288650 19472.0 9
1731170288690 19669.0 9
1731170288729 19868.0 9
1731170288762 20065.0 9
1731170288804 20263.0 9
1731170288839 20462.0 9
1731170288875 20660.0 9
1731170288908 20860.0 9
1731170288955 21057.0 9
1731170288987 21254.0 9
1731170289026 21451.0 9
1731170289059 21649.0 9
1731170289092 21846.0 9
1731170289130 22044.0 9
1731170289160 22238.0 9
1731170289199 22434.0 9
1731170289289 22633.0 9
1731170289319 22831.0 9
1731170289360 23027.0 9
1731170289391 23224.0 9
1731170289423 23424.0 9
1731170289461 23621.0 9
1731170289494 23816.0 9
1731170289532 24012.0 9
1731170289593 24206.0 9
1731170289701 24403.0 9
1731170289734 24600.0 9
1731170289781 24800.0 9
1731170289849 24998.0 9
1731170289888 25196.0 9
1731170289932 25391.0 9
1731170289984 25588.0 9
1731170290027 25782.0 9
1731170290061 25977.0 9
1731170290099 26175.0 9
1731170290159 26371.0 9
1731170290223 26568.0 9
1731170290339 26766.0 9
1731170290396 26962.0 9
1731170290429 27155.0 9
1731170290480 27351.0 9
1731170290516 27549.0 9
1731170290555 27747.0 9
1731170290589 27946.0 9
1731170290650 28142.0 9
1731170290694 28339.0 9
1731170290736 28536.0 9
1731170290771 28732.0 9
1731170290802 28928.0 9
1731170290836 29124.0 9
1731170290878 29320.0 9
1731170290917 29517.0 9
1731170290948 29715.0 9
1731170290978 29911.0 9
1731170291013 30109.0 9
1731170291059 30304.0 9
1731170291097 30501.0 9
1731170291130 30697.0 9
1731170291166 30895.0 9
1731170291198 31090.0 9
1731170291230 31288.0 9
1731170291262 31486.0 9
1731170291303 31684.0 9
1731170291341 31880.0 9
1731170291385 32078.0 9
1731170291436 32278.0 9
1731170291483 32478.0 9
1731170291527 32673.0 9
1731170291563 32871.0 9
1731170291617 33066.0 9
1731170291656 33265.0 9
1731170291690 33463.0 9
1731170291725 33656.0 9
1731170291760 33852.0 9
1731170291799 34050.0 9
1731170291851 34247.0 9
1731170291894 34446.0 9
1731170291930 34640.0 9
1731170291967 34835.0 9
1731170292007 35032.0 9
1731170292082 35231.0 9
1731170292116 35421.0 9
1731170292151 35620.0 9
1731170292188 35815.0 9
1731170292227 36013.0 9
1731170292264 36210.0 9
1731170292297 36408.0 9
1731170292342 36604.0 9
1731170292386 36802.0 9
1731170292416 36994.0 9
1731170292455 37188.0 9
1731170292490 37385.0 9
1731170292536 37583.0 9
1731170292567 37781.0 9
1731170292594 37979.0 9
1731170292623 38174.0 9
1731170292661 38371.0 9
1731170292696 38567.0 9
1731170292739 38765.0 9
1731170292818 38962.0 9
1731170292850 39162.0 9
1731170292882 39361.0 9
1731170292939 39556.0 9
1731170292972 39754.0 9
1731170293004 39953.0 9
1731170293034 40151.0 9
1731170293071 40348.0 9
1731170293102 40545.0 9
1731170293133 40740.0 9
1731170293191 40934.0 9
1731170293242 41131.0 9
1731170293294 41323.0 9
1731170293346 41521.0 9
1731170293396 41717.0 9
1731170293426 41912.0 9
1731170293466 42111.0 9
1731170293502 42309.0 9
1731170293546 42506.0 9
1731170293609 42703.0 9
1731170293650 42899.0 9
1731170293683 43094.0 9
1731170293715 43290.0 9
1731170293747 43487.0 9
1731170293789 43685.0 9
1731170293833 43884.0 9
1731170293873 44084.0 9
1731170293913 44277.0 9
1731170293956 44473.0 9
1731170293995 44668.0 9
1731170294028 44867.0 9
1731170294072 45066.0 9
1731170294115 45266.0 9
1731170294156 45464.0 9
1731170294197 45663.0 9
1731170294234 45861.0 9
1731170294298 46060.0 9
1731170294365 46255.0 9
1731170294414 46453.0 9
1731170294468 46652.0 9
1731170294519 46852.0 9
1731170294555 47050.0 9
1731170294593 47249.0 9
1731170294625 47445.0 9
1731170294657 47643.0 9
1731170294703 47842.0 9
1731170294740 48038.0 9
1731170294778 48236.0 9
1731170294809 48432.0 9
1731170294845 48631.0 9
1731170294888 48828.0 9
1731170294920 49025.0 9
1731170294949 49222.0 9
1731170294977 49420.0 9
1731170295005 49615.0 9
1731170295039 49814.0 9
1731170295074 50010.0 9
1731170295114 50205.0 9
1731170295154 50402.0 9
1731170295202 50601.0 9
1731170295240 50798.0 9
1731170295290 50994.0 9
1731170295330 51193.0 9
1731170295366 51387.0 9
1731170295399 51587.0 9
1731170295438 51786.0 9
1731170295484 51981.0 9
1731170295526 52180.0 9
1731170295555 52374.0 9
1731170295586 52572.0 9
1731170295622 52767.0 9
1731170295653 52967.0 9
1731170295696 53162.0 9
1731170295743 53361.0 9
1731170295783 53559.0 9
1731170295818 53757.0 9
1731170295886 53954.0 9
1731170295924 54153.0 9
1731170295964 54350.0 9
1731170295998 54548.0 9
1731170296036 54743.0 9
1731170296083 54941.0 9
1731170296124 55141.0 9
1731170296162 55339.0 9
1731170296205 55538.0 9
1731170296252 55736.0 9
1731170296291 55933.0 9
1731170296321 56130.0 9
1731170296352 56326.0 9
1731170296386 56523.0 9
1731170296418 56719.0 9
1731170296448 56914.0 9
1731170296477 57110.0 9
1731170296509 57307.0 9
1731170296539 57503.0 9
1731170296569 57701.0 9
1731170296597 57899.0 9
1731170296630 58094.0 9
1731170296666 58294.0 9
1731170296702 58493.0 9
1731170296739 58689.0 9
1731170296832 58884.0 9
1731170296870 59080.0 9
