1731169502171 2.3062939643859863 0
1731169502256 2.287684917449951 0
1731169502289 2.2658965587615967 0
1731169502314 2.2167954444885254 0
1731169502360 2.1546318531036377 0
1731169502402 2.171123743057251 0
1731169502436 2.1264829635620117 0
1731169502480 2.1000988483428955 0
1731169502513 1.9602307081222534 0
1731169502558 2.0305333137512207 0
1731169502584 1.954861044883728 0
1731169502610 1.9286900758743286 0
1731169502641 1.8912736177444458 0
1731169502668 1.8990321159362793 0
1731169502688 1.8676446676254272 0
1731169502715 1.841867446899414 0
1731169502751 1.8021116256713867 0
1731169502779 1.9185693264007568 0
1731169502817 1.7951195240020752 0
1731169502857 1.7739776372909546 0
1731169502916 1.8740607500076294 0
1731169502943 1.805630087852478 0
1731169502965 1.714928150177002 0
1731169502993 1.73628568649292 0
1731169503013 1.732863426208496 0
1731169503037 1.7195452451705933 0
1731169503080 1.8204729557037354 0
1731169503138 1.6840803623199463 0
1731169503161 1.7234176397323608 0
1731169503185 1.6505448818206787 0
1731169503204 1.7160141468048096 0
1731169503224 1.6925737857818604 0
1731169503248 1.7103376388549805 0
1731169503269 1.6671961545944214 0
1731169503295 1.6771740913391113 0
1731169503316 1.7061272859573364 0
1731169503335 1.7398910522460938 0
1731169503355 1.6819449663162231 0
1731169503449 1.7168967723846436 0
1731169503494 1.6577848196029663 0
1731169503527 1.7387073040008545 0
1731169503602 1.6895182132720947 0
1731169503644 1.7009226083755493 0
1731169503683 1.640810489654541 0
1731169503713 1.6917204856872559 0
1731169503733 1.7239445447921753 0
1731169503755 1.7553845643997192 0
1731169503785 1.6184180974960327 0
1731169503806 1.7025483846664429 0
1731169503831 1.7444121837615967 0
1731169503862 1.6856611967086792 0
1731169503887 1.6728225946426392 0
1731169503915 1.6481269598007202 0
1731169503942 1.746350646018982 0
1731169503969 1.6060744524002075 0
1731169503991 1.6968317031860352 0
1731169504012 1.6446332931518555 0
1731169504034 1.6199054718017578 0
1731169504061 1.7248088121414185 0
1731169504084 1.748759150505066 0
1731169504124 1.6918230056762695 0
1731169504154 1.7246348857879639 0
1731169504188 1.7402331829071045 0
1731169504213 1.6285200119018555 0
1731169504243 1.6848374605178833 0
1731169504270 1.6350339651107788 0
1731169504298 1.6877199411392212 0
1731169504328 1.6793869733810425 0
1731169504352 1.6966291666030884 0
1731169504372 1.718199610710144 0
1731169504394 1.640470266342163 0
1731169504416 1.6131157875061035 0
1731169504438 1.6813483238220215 0
1731169504468 1.6399794816970825 0
1731169504498 1.7378560304641724 0
1731169504524 1.6230567693710327 0
1731169504560 1.771048903465271 0
1731169504587 1.6206817626953125 0
1731169504607 1.619759440422058 0
1731169504631 1.601763367652893 0
1731169504654 1.6786125898361206 0
1731169504674 1.6828209161758423 0
1731169504694 1.62013578414917 0
1731169504725 1.6461801528930664 0
1731169504747 1.665663480758667 0
1731169504782 1.5879504680633545 0
1731169504815 1.6871005296707153 0
1731169504843 1.591524600982666 0
1731169504867 1.5832550525665283 0
1731169504893 1.7175039052963257 0
1731169504922 1.6103895902633667 0
1731169504944 1.6889525651931763 0
1731169504965 1.6162611246109009 0
1731169504989 1.6438145637512207 0
1731169505009 1.579863429069519 0
1731169505030 1.7258180379867554 0
1731169505050 1.624462604522705 0
1731169505067 1.6414660215377808 0
1731169505090 1.6519981622695923 0
1731169505109 1.6998363733291626 0
1731169505129 1.6808159351348877 0
1731169505150 1.6819778680801392 0
1731169505178 1.7308419942855835 0
1731169505207 1.7041465044021606 0
1731169505229 1.6539075374603271 0
1731169505252 1.7370808124542236 0
1731169505279 1.5839437246322632 0
1731169505302 1.6146087646484375 0
1731169505332 1.6792725324630737 0
1731169505358 1.6483484506607056 0
1731169505386 1.647825002670288 0
1731169505417 1.6418695449829102 0
1731169505447 1.6354050636291504 0
1731169505467 1.6614904403686523 0
1731169505488 1.5294486284255981 0
1731169505513 1.6759711503982544 0
1731169505532 1.672265648841858 0
1731169505553 1.6866068840026855 0
1731169505579 1.7035026550292969 0
1731169505609 1.663169264793396 0
1731169505644 1.6813949346542358 0
1731169505680 1.6640832424163818 0
1731169505703 1.6563549041748047 0
1731169505729 1.7415766716003418 0
1731169505758 1.5899463891983032 0
1731169505782 1.656554937362671 0
1731169505810 1.645923137664795 0
1731169505836 1.6054366827011108 0
1731169505863 1.583196997642517 0
1731169505886 1.6844146251678467 0
1731169505914 1.6569005250930786 0
1731169505948 1.6906449794769287 0
1731169505973 1.6834955215454102 0
1731169506001 1.6721323728561401 0
1731169506028 1.5484020709991455 0
1731169506054 1.6511653661727905 0
1731169506082 1.5982885360717773 0
1731169506112 1.6218606233596802 0
1731169506137 1.609779715538025 0
1731169506164 1.6397732496261597 0
1731169506190 1.6406667232513428 0
1731169506219 1.6189184188842773 0
1731169506254 1.6434578895568848 0
1731169506289 1.6999393701553345 0
1731169506314 1.622016191482544 0
1731169506344 1.649881362915039 0
1731169506372 1.5964641571044922 0
1731169506407 1.5982609987258911 0
1731169506440 1.6084749698638916 0
1731169506461 1.6936675310134888 0
1731169506482 1.6532506942749023 0
1731169506503 1.6643048524856567 0
1731169506547 1.6716870069503784 0
1731169506590 1.6750348806381226 0
1731169506620 1.5906245708465576 0
1731169506648 1.6944360733032227 0
1731169506676 1.691258192062378 0
1731169506699 1.6519814729690552 0
1731169506727 1.5523977279663086 0
1731169506756 1.6631869077682495 0
1731169506782 1.6612108945846558 0
1731169506807 1.590217113494873 0
1731169506837 1.6685523986816406 0
1731169506866 1.6406596899032593 0
1731169506894 1.5808287858963013 0
1731169506918 1.6700160503387451 0
1731169506951 1.6448988914489746 0
1731169506983 1.7195842266082764 0
1731169507008 1.5542113780975342 0
1731169507036 1.5707863569259644 0
1731169507063 1.6859831809997559 0
1731169507100 1.622127890586853 0
1731169507151 1.575147271156311 0
1731169507191 1.5990835428237915 0
1731169507217 1.6060932874679565 0
1731169507245 1.6324317455291748 0
1731169507272 1.5931172370910645 0
1731169507295 1.60121488571167 0
1731169507324 1.587937831878662 0
1731169507347 1.6953500509262085 0
1731169507367 1.590016484260559 0
1731169507388 1.6261389255523682 0
1731169507409 1.6697076559066772 0
1731169507431 1.624239206314087 0
1731169507451 1.5525232553482056 0
1731169507469 1.5652341842651367 0
1731169507491 1.6655477285385132 0
1731169507511 1.598320484161377 0
1731169507532 1.5709341764450073 0
1731169507554 1.6590096950531006 0
1731169507584 1.6176029443740845 0
1731169507606 1.6571943759918213 0
1731169507630 1.5653883218765259 0
1731169507653 1.7111093997955322 0
1731169507673 1.646903395652771 0
1731169507693 1.6018953323364258 0
1731169507715 1.6959608793258667 0
1731169507736 1.6646456718444824 0
1731169507763 1.536503553390503 0
1731169507785 1.6816188097000122 0
1731169507807 1.563618540763855 0
1731169507833 1.6238054037094116 0
1731169507859 1.570273995399475 0
1731169507888 1.6264557838439941 0
1731169507915 1.6420961618423462 0
1731169507941 1.6698672771453857 0
1731169507976 1.6806873083114624 0
1731169508001 1.5888619422912598 0
1731169508026 1.698466181755066 0
1731169508050 1.6209758520126343 0
1731169508084 1.7410749197006226 0
1731169508114 1.5583136081695557 0
1731169508144 1.6041185855865479 0
1731169508172 1.6655532121658325 0
1731169508293 1.6472792625427246 0
1731169508311 1.6417185068130493 0
1731169508334 1.5796048641204834 0
1731169508377 1.6653698682785034 0
1731169508415 1.5704203844070435 0
1731169508438 1.5893582105636597 0
1731169508463 1.6161953210830688 0
1731169508495 1.6446973085403442 0
1731169508525 1.6202741861343384 0
1731169508556 1.704947590827942 0
1731169508589 1.6119896173477173 0
1731169508618 1.661080241203308 0
1731169508642 1.5832366943359375 0
1731169508666 1.6031984090805054 0
1731169508691 1.643628716468811 0
1731169508718 1.6539788246154785 0
1731169508741 1.6385022401809692 0
1731169508766 1.6349575519561768 0
1731169508787 1.6852232217788696 0
1731169508816 1.629124641418457 0
1731169508842 1.651621699333191 0
1731169508867 1.7024126052856445 0
1731169508894 1.5563476085662842 0
1731169508922 1.585058569908142 0
1731169508952 1.6549566984176636 0
1731169508976 1.5956695079803467 0
1731169509005 1.6140638589859009 0
1731169509029 1.6261506080627441 0
1731169509062 1.6285667419433594 0
1731169509086 1.5438508987426758 0
1731169509108 1.6529271602630615 0
1731169509129 1.587932825088501 0
1731169509154 1.640960931777954 0
1731169509175 1.62293541431427 0
1731169509197 1.7641189098358154 0
1731169509218 1.6574535369873047 0
1731169509249 1.588357925415039 0
1731169509271 1.5507662296295166 0
1731169509303 1.6690478324890137 0
1731169509333 1.590814471244812 0
1731169509360 1.6859333515167236 0
1731169509384 1.616310477256775 0
1731169509408 1.611411690711975 0
1731169509431 1.70632004737854 0
1731169509457 1.6864906549453735 0
1731169509480 1.6988309621810913 0
1731169509508 1.6462875604629517 0
1731169509536 1.714784860610962 0
1731169509563 1.6881721019744873 0
1731169509589 1.6140445470809937 0
1731169509611 1.6266809701919556 0
1731169509631 1.6580703258514404 0
1731169509678 1.678324580192566 0
1731169509699 1.619424819946289 0
1731169509728 1.5395314693450928 0
1731169509751 1.636404037475586 0
1731169509779 1.6992018222808838 0
1731169509805 1.60064697265625 0
1731169509827 1.644952416419983 0
1731169509854 1.6936427354812622 0
1731169509881 1.572117805480957 0
1731169509901 1.5655757188796997 0
1731169509934 1.7173579931259155 0
1731169509959 1.6565277576446533 0
1731169509981 1.6207128763198853 0
1731169510014 1.642366647720337 0
1731169510042 1.6529005765914917 0
1731169510063 1.6036518812179565 0
1731169510087 1.6409366130828857 0
1731169510121 1.6950122117996216 0
1731169510145 1.5976295471191406 0
1731169510166 1.5666835308074951 0
1731169510203 1.6344290971755981 0
1731169510294 1.5996921062469482 0
1731169510328 1.647805094718933 0
1731169510353 1.5793721675872803 0
1731169510381 1.5837687253952026 0
1731169510406 1.6268417835235596 0
1731169510438 1.5643136501312256 0
1731169510493 1.5891938209533691 0
1731169510545 1.6833033561706543 0
1731169510567 1.586190104484558 0
1731169510599 1.571248173713684 0
1731169510623 1.641554594039917 0
1731169510644 1.5730903148651123 0
1731169510662 1.6995291709899902 0
1731169510686 1.6255128383636475 0
1731169510715 1.559110164642334 0
1731169510747 1.6891487836837769 0
1731169510778 1.607117772102356 0
1731169510806 1.5575143098831177 0
1731169510885 1.6257702112197876 0
1731169510909 1.6805150508880615 0
1731169510934 1.6940406560897827 0
1731169510959 1.5931217670440674 0
1731169510980 1.6237084865570068 0
1731169511002 1.6140743494033813 0
1731169511052 1.6205027103424072 0
1731169511079 1.6307004690170288 0
1731169511110 1.6149418354034424 0
1731169511134 1.5696172714233398 0
1731169511167 1.5593230724334717 0
1731169511198 1.5957233905792236 0
1731169511222 1.6461013555526733 0
1731169511254 1.6196506023406982 0
1731169511277 1.6975724697113037 0
1731169511301 1.6595267057418823 0
1731169511331 1.6374578475952148 0
1731169511359 1.667448878288269 0
1731169511384 1.6937255859375 0
1731169511423 1.651963472366333 0
1731169511455 1.647329330444336 0
1731169511492 1.5440804958343506 0
1731169511550 1.6198207139968872 0
1731169511580 1.6927306652069092 0
1731169511616 1.703465223312378 0
1731169511649 1.6845552921295166 0
1731169511688 1.7237839698791504 0
1731169511714 1.623860478401184 0
1731169511747 1.6145784854888916 0
1731169511778 1.5973771810531616 0
1731169511800 1.6599528789520264 0
1731169511874 1.5668017864227295 0
1731169511920 1.6169312000274658 0
1731169511952 1.6166903972625732 0
1731169511974 1.566637396812439 0
1731169512020 1.6852751970291138 0
1731169512066 1.6030447483062744 0
1731169512102 1.6149497032165527 0
1731169512143 1.5853824615478516 0
1731169512172 1.646873950958252 0
1731169512207 1.6008760929107666 0
1731169512234 1.5430136919021606 0
1731169512284 1.677823543548584 0
1731169512318 1.6432232856750488 0
1731169512342 1.67221999168396 0
1731169512365 1.570947289466858 0
1731169512560 1.592347502708435 0
1731169512652 1.6071467399597168 0
1731169512675 1.6273354291915894 0
1731169512695 1.551429271697998 0
1731169512722 1.6006603240966797 0
1731169512753 1.6247750520706177 0
1731169512818 1.7142244577407837 0
1731169512917 1.5551424026489258 0
1731169512969 1.7261868715286255 0
1731169512997 1.6327682733535767 0
1731169513024 1.5799005031585693 0
1731169513045 1.6572954654693604 0
1731169513068 1.5999715328216553 0
1731169513095 1.6029725074768066 0
1731169513133 1.572980523109436 0
1731169513223 1.6397935152053833 0
1731169513259 1.5974029302597046 0
1731169513285 1.674988031387329 0
1731169513308 1.6200124025344849 0
1731169513336 1.6468316316604614 0
1731169513377 1.5994164943695068 0
1731169513464 1.6120582818984985 0
1731169513505 1.5916252136230469 0
1731169513541 1.6001578569412231 0
1731169513569 1.5964847803115845 0
1731169513600 1.6603208780288696 0
1731169513623 1.597551941871643 0
1731169513654 1.5901172161102295 0
1731169513714 1.6331305503845215 0
1731169513739 1.6030044555664062 0
1731169513761 1.6697359085083008 0
1731169513783 1.5395411252975464 0
1731169513807 1.7164028882980347 0
1731169513829 1.5809510946273804 0
1731169513851 1.5485092401504517 0
1731169513873 1.6668591499328613 0
1731169513895 1.6608597040176392 0
1731169513917 1.637091875076294 0
1731169513942 1.6556938886642456 0
1731169513964 1.6295922994613647 0
1731169513986 1.6377698183059692 0
1731169514008 1.641808032989502 0
1731169514029 1.6011834144592285 0
1731169514051 1.7070260047912598 0
1731169514073 1.635326862335205 0
1731169514099 1.6137112379074097 0
1731169514120 1.5690603256225586 0
1731169514141 1.6165921688079834 0
1731169514166 1.602480173110962 0
1731169514195 1.5869333744049072 0
1731169514218 1.5910621881484985 0
1731169514240 1.657759666442871 0
1731169514264 1.5249459743499756 0
1731169514288 1.5786962509155273 0
1731169514311 1.6569266319274902 0
1731169514337 1.5610240697860718 0
1731169514367 1.6877003908157349 0
1731169514389 1.6421571969985962 0
1731169514417 1.5835005044937134 0
1731169514447 1.61575186252594 0
1731169514477 1.6666861772537231 0
1731169514546 1.6895973682403564 0
1731169514568 1.6253877878189087 0
1731169514592 1.6263222694396973 0
1731169514614 1.6653422117233276 0
1731169514636 1.6128052473068237 0
1731169514658 1.5717196464538574 0
1731169514679 1.6099263429641724 0
1731169514700 1.6586395502090454 0
1731169514732 1.5909775495529175 0
1731169514765 1.6236883401870728 0
1731169514801 1.6015681028366089 0
1731169514876 1.5931329727172852 0
1731169514908 1.5418920516967773 0
1731169514944 1.6981532573699951 0
1731169514980 1.5901298522949219 0
1731169515002 1.65525484085083 0
1731169515025 1.7737326622009277 0
1731169515052 1.7179889678955078 0
1731169515079 1.5882962942123413 0
1731169515102 1.6830335855484009 0
1731169515282 1.6518076658248901 0
1731169515322 1.6508148908615112 0
1731169515351 1.618457555770874 0
1731169515380 1.656623363494873 0
1731169515413 1.5951334238052368 0
1731169515445 1.5776798725128174 0
1731169515468 1.5891629457473755 0
1731169515508 1.6900326013565063 0
1731169515531 1.521510362625122 0
1731169515565 1.6239914894104004 0
1731169515594 1.5966962575912476 0
1731169515622 1.5571650266647339 0
1731169515659 1.6147021055221558 0
1731169515698 1.6162126064300537 0
1731169515775 1.6088075637817383 0
1731169515942 1.5669960975646973 0
1731169515989 1.6207354068756104 0
1731169516014 1.638400673866272 0
1731169516032 1.6570574045181274 0
1731169516053 1.6345288753509521 0
1731169516078 1.644692301750183 0
1731169516124 1.660111904144287 0
1731169516243 1.5984047651290894 0
1731169516277 1.763256549835205 0
1731169516310 1.5750524997711182 0
1731169516336 1.652258276939392 0
1731169516358 1.5946404933929443 0
1731169516381 1.6551175117492676 0
1731169516406 1.6296160221099854 0
1731169516434 1.5347554683685303 0
1731169516468 1.5692800283432007 0
1731169516499 1.6508513689041138 0
1731169516525 1.5699161291122437 0
1731169516549 1.5959131717681885 0
1731169516573 1.5996966361999512 0
1731169516598 1.663076639175415 0
1731169516635 1.590808391571045 0
1731169516670 1.6700876951217651 0
1731169516713 1.5951331853866577 0
1731169516789 1.5868852138519287 0
1731169516828 1.6797770261764526 0
1731169516855 1.5831489562988281 0
1731169516881 1.6936167478561401 0
1731169516904 1.6765758991241455 0
1731169516935 1.5706325769424438 0
1731169516961 1.5486223697662354 0
1731169516987 1.5891175270080566 0
1731169517048 1.6011933088302612 0
1731169517068 1.5764209032058716 0
1731169517095 1.5603760480880737 0
1731169517128 1.6223509311676025 0
1731169517169 1.6126534938812256 0
1731169517212 1.5841472148895264 0
1731169517234 1.679395318031311 0
1731169517267 1.6083629131317139 0
1731169517294 1.6420462131500244 0
1731169517325 1.6006734371185303 0
1731169517388 1.6383180618286133 0
1731169517445 1.5754457712173462 0
1731169517479 1.6607885360717773 0
1731169517510 1.6335034370422363 0
1731169517537 1.6436456441879272 0
1731169517586 1.6826401948928833 0
1731169517620 1.5567772388458252 0
1731169517645 1.7027561664581299 0
1731169517687 1.5888323783874512 0
1731169517718 1.5912394523620605 0
1731169517753 1.5826826095581055 0
1731169517796 1.6711374521255493 0
1731169517822 1.6979219913482666 0
1731169517848 1.588212251663208 0
1731169517873 1.6151431798934937 0
1731169517900 1.6332144737243652 0
1731169517934 1.668562889099121 0
1731169517959 1.579222559928894 0
1731169517981 1.6042852401733398 0
1731169518005 1.696424126625061 0
1731169518040 1.695770263671875 0
1731169518069 1.6161623001098633 0
1731169518102 1.6610219478607178 0
1731169518142 1.650225281715393 0
1731169518187 1.60037100315094 0
1731169518222 1.639987826347351 0
1731169518277 1.6100300550460815 0
1731169518318 1.6330502033233643 0
1731169518347 1.5272855758666992 0
1731169518376 1.6523157358169556 0
1731169518405 1.640244960784912 0
1731169518437 1.5894463062286377 0
1731169518462 1.7109403610229492 0
1731169518486 1.6757738590240479 0
1731169518515 1.5937325954437256 0
1731169518547 1.5831300020217896 0
1731169518576 1.6381285190582275 0
1731169518608 1.6014186143875122 0
1731169518633 1.6704506874084473 0
1731169518663 1.6704014539718628 0
1731169518703 1.5861701965332031 0
1731169518748 1.6078684329986572 0
1731169518795 1.5971163511276245 0
1731169518854 1.5838574171066284 0
1731169518885 1.572885274887085 0
1731169518907 1.5736292600631714 0
1731169518935 1.5997635126113892 0
1731169518959 1.6261093616485596 0
1731169518988 1.62344491481781 0
1731169519009 1.621613621711731 0
1731169519044 1.5993396043777466 0
1731169519074 1.6226269006729126 0
1731169519102 1.5938740968704224 0
1731169519136 1.628377079963684 0
1731169519165 1.5667266845703125 0
1731169519196 1.5401866436004639 0
1731169519221 1.6216270923614502 0
1731169519249 1.6822055578231812 0
1731169519279 1.6092311143875122 0
1731169519311 1.6319053173065186 0
1731169519340 1.644639015197754 0
1731169519372 1.5982680320739746 0
1731169519395 1.59244704246521 0
1731169519424 1.5989696979522705 0
1731169519467 1.6062628030776978 0
1731169519554 1.653723955154419 0
1731169519587 1.5567338466644287 0
1731169519619 1.6160056591033936 0
1731169519651 1.6373647451400757 0
1731169519684 1.5660088062286377 0
1731169519717 1.6350817680358887 0
1731169519743 1.6372802257537842 0
1731169519768 1.6716421842575073 0
1731169519792 1.6251641511917114 0
1731169519814 1.5587923526763916 0
1731169519839 1.5809272527694702 0
1731169519868 1.5592221021652222 0
1731169519896 1.6349502801895142 0
1731169519921 1.6976207494735718 0
1731169519946 1.5257078409194946 0
1731169519968 1.6870602369308472 0
1731169519997 1.6853562593460083 0
1731169520036 1.6383401155471802 0
1731169520068 1.68941068649292 0
1731169520098 1.6138849258422852 0
1731169520196 1.645506501197815 0
1731169520237 1.6255581378936768 0
1731169520253 1.6449682712554932 0
1731169520272 1.630623698234558 0
1731169520300 1.6426807641983032 0
1731169520323 1.6469616889953613 0
1731169520351 1.6219158172607422 0
1731169520385 1.6816022396087646 0
1731169520415 1.6244924068450928 0
1731169520442 1.6409392356872559 0
1731169520476 1.6008071899414062 0
1731169520558 1.639349102973938 0
1731169520664 1.6061608791351318 0
1731169520784 1.6573395729064941 0
1731169520873 1.523568868637085 0
1731169521023 1.6069592237472534 0
1731169521145 1.6838359832763672 0
1731169521282 1.680485725402832 0
1731169521339 1.6118204593658447 0
1731169521436 1.5833454132080078 0
1731169521471 1.6456905603408813 0
1731169521515 1.6949396133422852 0
1731169521552 1.623815894126892 0
1731169521637 1.5857645273208618 0
1731169521661 1.5938702821731567 0
1731169521766 1.6327433586120605 0
1731169521885 1.6556668281555176 0
1731169521974 1.650079607963562 0
1731169522034 1.637547492980957 0
1731169522095 1.718898892402649 0
1731169522132 1.6490755081176758 0
1731169522220 1.6247631311416626 0
1731169522282 1.6154346466064453 0
1731169522402 1.5589641332626343 0
1731169522451 1.5923992395401 0
1731169522510 1.6522397994995117 0
1731169522573 1.622340202331543 0
1731169522715 1.6005979776382446 0
1731169522907 1.5418686866760254 0
1731169523039 1.681379795074463 0
1731169523098 1.666605830192566 0
1731169523193 1.5694293975830078 0
1731169523252 1.567043423652649 0
1731169523359 1.5845730304718018 0
1731169523410 1.6834169626235962 0
1731169523490 1.5406382083892822 0
1731169523545 1.5751357078552246 0
1731169523589 1.6164610385894775 0
1731169523630 1.5713340044021606 0
1731169523662 1.5613683462142944 0
1731169523687 1.6665844917297363 0
1731169523718 1.568307876586914 0
1731169523745 1.6749742031097412 0
1731169523778 1.6917273998260498 0
1731169523805 1.5849401950836182 0
1731169523833 1.5731594562530518 0
1731169523864 1.5782607793807983 0
1731169523897 1.6432689428329468 0
1731169523934 1.5933940410614014 0
1731169523965 1.6375600099563599 0
1731169523989 1.6024467945098877 0
1731169524013 1.6512205600738525 0
1731169524034 1.5975353717803955 0
1731169524058 1.6335502862930298 0
1731169524083 1.712775707244873 0
1731169524113 1.6343023777008057 0
1731169524143 1.667595386505127 0
1731169524176 1.5814255475997925 0
1731169524203 1.5718495845794678 0
1731169524228 1.5758520364761353 0
1731169524253 1.6616305112838745 0
1731169524274 1.7063984870910645 0
1731169524304 1.6534343957901 0
1731169524325 1.571560263633728 0
1731169524357 1.6163073778152466 0
1731169524387 1.613134741783142 0
1731169524417 1.5817283391952515 0
1731169524475 1.5189080238342285 0
1731169524496 1.631032109260559 0
1731169524518 1.6407628059387207 0
1731169524540 1.6343340873718262 0
1731169524561 1.5860129594802856 0
1731169524583 1.5301926136016846 0
1731169524605 1.6236172914505005 0
1731169524639 1.6629761457443237 0
1731169524662 1.6142507791519165 0
1731169524689 1.5991106033325195 0
1731169524716 1.6938890218734741 0
1731169524735 1.6718677282333374 0
1731169524757 1.6173477172851562 0
1731169524778 1.6483036279678345 0
1731169524803 1.6449718475341797 0
1731169524822 1.6051462888717651 0
1731169524850 1.6334655284881592 0
1731169524877 1.6139543056488037 0
1731169524900 1.6273646354675293 0
1731169524937 1.5704737901687622 0
1731169524964 1.616463303565979 0
1731169524996 1.5848782062530518 0
1731169525025 1.6003341674804688 0
1731169525055 1.658636450767517 0
1731169525092 1.6616973876953125 0
1731169525124 1.6153048276901245 0
1731169525149 1.6065129041671753 0
1731169525175 1.5965019464492798 0
1731169525205 1.624141812324524 0
1731169525224 1.58041512966156 0
1731169525248 1.6003012657165527 0
1731169525270 1.5713943243026733 0
1731169525291 1.6729623079299927 0
1731169525314 1.6074833869934082 0
1731169525337 1.5845513343811035 0
1731169525367 1.6939634084701538 0
1731169525398 1.7093234062194824 0
1731169525432 1.6371784210205078 0
1731169525488 1.5835988521575928 0
1731169525523 1.58622145652771 0
1731169525560 1.6198647022247314 0
1731169525587 1.6090441942214966 0
1731169525617 1.6020199060440063 0
1731169525648 1.5877771377563477 0
1731169525681 1.568939447402954 0
1731169525714 1.647704005241394 0
1731169525741 1.6793473958969116 0
1731169525768 1.776413083076477 0
1731169525792 1.6586501598358154 0
1731169525822 1.6311867237091064 0
1731169525854 1.6743437051773071 0
1731169525878 1.5485782623291016 0
1731169525916 1.5820837020874023 0
1731169525945 1.6892763376235962 0
1731169526004 1.6252000331878662 0
1731169526059 1.5856555700302124 0
1731169526086 1.6650210618972778 0
1731169526117 1.6195807456970215 0
1731169526162 1.6962518692016602 0
1731169526199 1.540968894958496 0
1731169526231 1.5701560974121094 0
1731169526258 1.632602334022522 0
1731169526288 1.6487582921981812 0
1731169526319 1.562530755996704 0
1731169526341 1.7389919757843018 0
1731169526415 1.600841999053955 0
1731169526439 1.6286823749542236 0
1731169526466 1.651570439338684 0
1731169526504 1.6717239618301392 0
1731169526554 1.5778757333755493 0
1731169526588 1.513862133026123 0
1731169526611 1.6823924779891968 0
1731169526644 1.6171685457229614 0
1731169526685 1.6104998588562012 0
1731169526717 1.6463403701782227 0
1731169526745 1.5390855073928833 0
1731169526776 1.6091396808624268 0
1731169526804 1.6059696674346924 0
1731169526839 1.6169885396957397 0
1731169526866 1.5543055534362793 0
1731169526892 1.596632480621338 0
1731169526912 1.6108192205429077 0
1731169526935 1.5786558389663696 0
1731169526964 1.660510540008545 0
1731169527027 1.6046439409255981 0
1731169527078 1.5764740705490112 0
1731169527098 1.642808198928833 0
1731169527127 1.6655247211456299 0
1731169527151 1.5589160919189453 0
1731169527180 1.648287296295166 0
1731169527207 1.6230387687683105 0
1731169527272 1.5980396270751953 0
1731169527324 1.7323334217071533 0
1731169527370 1.635382890701294 0
1731169527410 1.572228193283081 0
1731169527447 1.6305642127990723 0
1731169527481 1.5889508724212646 0
1731169527512 1.6799933910369873 0
1731169527542 1.5765283107757568 0
1731169527570 1.585305094718933 0
1731169527774 1.6337690353393555 0
1731169527838 1.7099589109420776 0
1731169527879 1.6283228397369385 0
1731169527904 1.5999702215194702 0
1731169527931 1.6810773611068726 0
1731169527956 1.624934196472168 0
1731169527978 1.598160982131958 0
1731169527998 1.625524878501892 0
1731169528024 1.6088109016418457 0
1731169528047 1.6259446144104004 0
1731169528073 1.6400235891342163 0
1731169528224 1.6320762634277344 0
1731169528314 1.631773591041565 0
1731169528337 1.6215999126434326 0
1731169528359 1.7302191257476807 0
1731169528401 1.658075213432312 0
1731169528467 1.6153634786605835 0
1731169528522 1.6265273094177246 0
1731169528566 1.6818034648895264 0
1731169528595 1.5897886753082275 0
1731169528656 1.6201133728027344 0
1731169528705 1.617487907409668 0
1731169528750 1.6751902103424072 0
1731169528791 1.6168814897537231 0
1731169528822 1.612043857574463 0
1731169528855 1.5675383806228638 0
1731169528904 1.6021549701690674 0
1731169528948 1.6004635095596313 0
1731169528973 1.6042149066925049 0
1731169529005 1.5990337133407593 0
1731169529034 1.6571054458618164 0
1731169529056 1.5504035949707031 0
1731169529081 1.5900925397872925 0
1731169529104 1.6292089223861694 0
1731169529134 1.5887352228164673 0
1731169529165 1.5994160175323486 0
1731169529189 1.5710941553115845 0
1731169529221 1.6320759057998657 0
1731169529248 1.6036016941070557 0
1731169529278 1.6469712257385254 0
1731169529307 1.5801212787628174 0
1731169529335 1.6258279085159302 0
1731169529358 1.643881916999817 0
1731169529381 1.6716477870941162 0
1731169529422 1.629772424697876 0
1731169529453 1.5989584922790527 0
1731169529485 1.642054796218872 0
1731169529522 1.6796655654907227 0
1731169529568 1.614251732826233 0
1731169529599 1.6587653160095215 0
1731169529622 1.615379810333252 0
1731169529652 1.7126463651657104 0
1731169529674 1.6286096572875977 0
1731169529701 1.620229721069336 0
1731169529729 1.5649067163467407 0
1731169529772 1.6058611869812012 0
1731169529824 1.6172173023223877 0
1731169529849 1.532090663909912 0
1731169529882 1.5987368822097778 0
1731169529902 1.5804946422576904 0
1731169529924 1.5778517723083496 0
1731169529953 1.5586634874343872 0
1731169529987 1.6027827262878418 0
1731169530006 1.6008927822113037 0
1731169530038 1.567065715789795 0
1731169530057 1.5972630977630615 0
1731169530082 1.645148754119873 0
1731169530104 1.644834041595459 0
1731169530131 1.587590217590332 0
1731169530153 1.5932331085205078 0
1731169530183 1.640454649925232 0
1731169530206 1.5532915592193604 0
1731169530238 1.645597219467163 0
1731169530293 1.647040605545044 0
1731169530325 1.5797146558761597 0
1731169530360 1.6175874471664429 0
1731169530405 1.7032191753387451 0
1731169530449 1.618759036064148 0
1731169530477 1.618067979812622 0
1731169530497 1.6401301622390747 0
1731169530516 1.6476256847381592 0
1731169530546 1.5860224962234497 0
1731169530565 1.6030678749084473 0
1731169530590 1.631650686264038 0
1731169530622 1.6165369749069214 0
1731169530671 1.5769970417022705 0
1731169530700 1.5899564027786255 0
1731169530737 1.6286176443099976 0
1731169530761 1.6102371215820312 0
1731169530786 1.613966703414917 0
1731169530811 1.6924264430999756 0
1731169530830 1.5703766345977783 0
1731169530855 1.6222801208496094 0
1731169530889 1.619268774986267 0
1731169530935 1.546682596206665 0
1731169530973 1.5429456233978271 0
1731169530999 1.6307244300842285 0
1731169531021 1.5935295820236206 0
1731169531051 1.653164267539978 0
1731169531080 1.5986000299453735 0
1731169531114 1.598867416381836 0
1731169531151 1.6371766328811646 0
1731169531190 1.62195885181427 0
1731169531219 1.6400617361068726 0
1731169531241 1.6819967031478882 0
1731169531269 1.639101266860962 0
1731169531297 1.600649356842041 0
1731169531323 1.6420857906341553 0
1731169531351 1.5797325372695923 0
1731169531379 1.5311223268508911 0
1731169531438 1.6267186403274536 0
1731169531482 1.565821647644043 0
1731169531506 1.5872292518615723 0
1731169531531 1.5988357067108154 0
1731169531558 1.6351590156555176 0
1731169531583 1.5909228324890137 0
1731169531633 1.5894496440887451 0
1731169531657 1.5993926525115967 0
1731169531680 1.5656017065048218 0
1731169531702 1.5802603960037231 0
1731169531732 1.6032016277313232 0
1731169531758 1.6193552017211914 0
1731169531786 1.6056113243103027 0
1731169531815 1.6371291875839233 0
1731169531847 1.6341874599456787 0
1731169531877 1.6120965480804443 0
1731169531904 1.6536961793899536 0
1731169531927 1.566373586654663 0
1731169531971 1.6106685400009155 0
1731169532107 1.6282002925872803 0
1731169532181 1.584524393081665 0
1731169532205 1.5879608392715454 0
1731169532233 1.5844178199768066 0
1731169532268 1.618202805519104 0
1731169532304 1.6024516820907593 0
1731169532335 1.5662665367126465 0
1731169532367 1.5826903581619263 0
1731169532393 1.592749834060669 0
1731169532431 1.617156744003296 0
1731169532459 1.5704036951065063 0
1731169532482 1.5429084300994873 0
1731169532510 1.6119859218597412 0
1731169532545 1.6376409530639648 0
1731169532689 1.618525505065918 0
1731169532763 1.6779066324234009 0
1731169532789 1.662029504776001 0
1731169532827 1.6136454343795776 0
1731169532857 1.6463152170181274 0
1731169532886 1.597051739692688 0
1731169532914 1.652307152748108 0
1731169532970 1.6200941801071167 0
1731169533022 1.5844027996063232 0
1731169533081 1.5372159481048584 0
1731169533135 1.6031217575073242 0
1731169533223 1.6020108461380005 0
1731169533246 1.6008409261703491 0
1731169533269 1.5822947025299072 0
1731169533301 1.57122802734375 0
1731169533318 1.6341559886932373 0
1731169533339 1.6230251789093018 0
1731169533369 1.626343011856079 0
1731169533401 1.5455106496810913 0
1731169533430 1.6149054765701294 0
1731169533460 1.5944007635116577 0
1731169533492 1.5785539150238037 0
1731169533530 1.5810580253601074 0
1731169533568 1.644830346107483 0
1731169533597 1.5968776941299438 0
1731169533630 1.5857446193695068 0
1731169533675 1.6078726053237915 0
1731169533702 1.5983879566192627 0
1731169533729 1.6048920154571533 0
1731169533753 1.5761905908584595 0
1731169533778 1.5534862279891968 0
1731169533809 1.6520620584487915 0
1731169533843 1.631287932395935 0
1731169533905 1.664671778678894 0
1731169534008 1.6358646154403687 0
1731169534075 1.5653173923492432 0
1731169534103 1.6692428588867188 0
1731169534127 1.6255488395690918 0
1731169534149 1.635393738746643 0
1731169534175 1.6381726264953613 0
1731169534201 1.6194185018539429 0
1731169534226 1.5877066850662231 0
1731169534276 1.541911005973816 0
1731169534314 1.8319207429885864 0
1731169534376 1.5831984281539917 1
1731169534409 1.6338436603546143 1
1731169534451 1.5655481815338135 1
1731169534486 1.6645827293395996 1
1731169534523 1.575545072555542 1
1731169534553 1.6191990375518799 1
1731169534637 1.6121987104415894 1
1731169534673 1.5645095109939575 1
1731169534745 1.602886438369751 1
1731169534795 1.6216093301773071 1
1731169534843 1.5991610288619995 1
1731169534922 1.6344475746154785 1
1731169534996 1.5553464889526367 1
1731169535050 1.5809019804000854 1
1731169535078 1.5266547203063965 1
1731169535136 1.5084164142608643 1
1731169535215 1.6035325527191162 1
1731169535241 1.6882632970809937 1
1731169535298 1.6697983741760254 1
1731169535344 1.5872600078582764 1
1731169535448 1.671351432800293 1
1731169535560 1.6047301292419434 1
1731169535663 1.5906307697296143 1
1731169535745 1.678621768951416 1
1731169535787 1.6413761377334595 1
1731169535818 1.6344704627990723 1
1731169535877 1.6191645860671997 1
1731169535946 1.681808352470398 1
1731169535995 1.6372737884521484 1
1731169536042 1.6167525053024292 1
1731169536090 1.6132628917694092 1
1731169536126 1.5635056495666504 1
1731169536153 1.591588020324707 1
1731169536193 1.568392276763916 1
1731169536268 1.5429413318634033 1
1731169536350 1.670758843421936 1
1731169536371 1.5714317560195923 1
1731169536394 1.5811429023742676 1
1731169536414 1.598119854927063 1
1731169536434 1.5766459703445435 1
1731169536460 1.580500841140747 1
1731169536485 1.5098865032196045 1
1731169536516 1.6141310930252075 1
1731169536543 1.5303047895431519 1
1731169536608 1.5849461555480957 1
1731169536638 1.5886681079864502 1
1731169536662 1.561030387878418 1
1731169536687 1.63872492313385 1
1731169536721 1.5954170227050781 1
1731169536752 1.5657188892364502 1
1731169536782 1.5926768779754639 1
1731169536814 1.6169672012329102 1
1731169536877 1.5827938318252563 1
1731169536926 1.5863795280456543 1
1731169536959 1.662230372428894 1
1731169536993 1.6095390319824219 1
1731169537029 1.6410475969314575 1
1731169537063 1.5543274879455566 1
1731169537086 1.6193022727966309 1
1731169537120 1.5397669076919556 1
1731169537164 1.5615930557250977 1
1731169537193 1.634582281112671 1
1731169537232 1.5919215679168701 1
1731169537259 1.6073863506317139 1
1731169537298 1.533043384552002 1
1731169537326 1.671737790107727 1
1731169537359 1.5634151697158813 1
1731169537383 1.5550262928009033 1
1731169537407 1.647963523864746 1
1731169537435 1.606945514678955 1
1731169537463 1.6189923286437988 1
1731169537490 1.5946599245071411 1
1731169537529 1.5961018800735474 1
1731169537575 1.6207537651062012 1
1731169537616 1.6572593450546265 1
1731169537766 1.597022533416748 1
1731169537877 1.6639065742492676 1
1731169537896 1.6867210865020752 1
1731169537921 1.6654996871948242 1
1731169537944 1.5861454010009766 1
1731169537975 1.5578267574310303 1
1731169537997 1.6164437532424927 1
1731169538018 1.629509687423706 1
1731169538046 1.6046373844146729 1
1731169538081 1.5583181381225586 1
1731169538110 1.6218812465667725 1
1731169538150 1.6272931098937988 1
1731169538180 1.6805492639541626 1
1731169538223 1.6198225021362305 1
1731169538246 1.6031951904296875 1
1731169538266 1.601941704750061 1
1731169538292 1.6635239124298096 1
1731169538317 1.5979429483413696 1
1731169538346 1.6145071983337402 1
1731169538379 1.5810959339141846 1
1731169538411 1.5687438249588013 1
1731169538434 1.6058940887451172 1
1731169538464 1.5789589881896973 1
1731169538491 1.5589637756347656 1
1731169538518 1.655075192451477 1
1731169538546 1.6848361492156982 1
1731169538571 1.5707917213439941 1
1731169538595 1.6559699773788452 1
1731169538631 1.5906093120574951 1
1731169538656 1.5978419780731201 1
1731169538682 1.672237753868103 1
1731169538706 1.5421271324157715 1
1731169538736 1.5961382389068604 1
1731169538766 1.5630073547363281 1
1731169538798 1.5648536682128906 1
1731169538831 1.5390774011611938 1
1731169538870 1.6193151473999023 1
1731169538912 1.6166671514511108 1
1731169538955 1.6461328268051147 1
1731169538982 1.621390461921692 1
1731169539012 1.622265100479126 1
1731169539032 1.6334651708602905 1
1731169539055 1.5536613464355469 1
1731169539077 1.5327824354171753 1
1731169539101 1.6257290840148926 1
1731169539138 1.6331579685211182 1
1731169539167 1.6291695833206177 1
1731169539199 1.6123735904693604 1
1731169539234 1.6303954124450684 1
1731169539268 1.6640284061431885 1
1731169539305 1.698048710823059 1
1731169539336 1.626582145690918 1
1731169539370 1.660475492477417 1
1731169539394 1.6047817468643188 1
1731169539423 1.5687286853790283 1
1731169539449 1.6328074932098389 1
1731169539475 1.5837998390197754 1
1731169539525 1.6019997596740723 1
1731169539569 1.5241175889968872 1
1731169539651 1.5793875455856323 1
1731169539692 1.6288213729858398 1
1731169539727 1.5563355684280396 1
1731169539756 1.6310384273529053 1
1731169539792 1.616742730140686 1
1731169539826 1.6129045486450195 1
1731169539859 1.5996224880218506 1
1731169539883 1.555282473564148 1
1731169539913 1.6263399124145508 1
1731169539959 1.5869050025939941 1
1731169539992 1.615504264831543 1
1731169540018 1.5869413614273071 1
1731169540044 1.6025521755218506 1
1731169540075 1.625501036643982 1
1731169540104 1.6514540910720825 1
1731169540142 1.5883078575134277 1
1731169540175 1.5863611698150635 1
1731169540213 1.6465836763381958 1
1731169540242 1.6346405744552612 1
1731169540268 1.534825086593628 1
1731169540292 1.5852651596069336 1
1731169540317 1.6230576038360596 1
1731169540343 1.595166563987732 1
1731169540368 1.5743616819381714 1
1731169540405 1.569685697555542 1
1731169540436 1.5568873882293701 1
1731169540460 1.619523525238037 1
1731169540487 1.6500494480133057 1
1731169540509 1.5797253847122192 1
1731169540538 1.6535769701004028 1
1731169540601 1.5559380054473877 1
1731169540629 1.6738712787628174 1
1731169540663 1.6161301136016846 1
1731169540691 1.6449706554412842 1
1731169540724 1.6179033517837524 1
1731169540748 1.6236876249313354 1
1731169540771 1.6207389831542969 1
1731169540802 1.5513410568237305 1
1731169540830 1.6315476894378662 1
1731169540854 1.6054329872131348 1
1731169540877 1.594907283782959 1
1731169540900 1.636997938156128 1
1731169540923 1.5490970611572266 1
1731169540944 1.5989794731140137 1
1731169540966 1.5921992063522339 1
1731169540999 1.5405253171920776 1
1731169541036 1.6068212985992432 1
1731169541065 1.604565978050232 1
1731169541095 1.683940052986145 1
1731169541123 1.6146600246429443 1
1731169541151 1.64019775390625 1
1731169541179 1.6654789447784424 1
1731169541201 1.6360652446746826 1
1731169541231 1.6299036741256714 1
1731169541261 1.7376140356063843 1
1731169541290 1.608048677444458 1
1731169541319 1.626348614692688 1
1731169541347 1.5430580377578735 1
1731169541370 1.6350603103637695 1
1731169541392 1.6348340511322021 1
1731169541417 1.6006275415420532 1
1731169541441 1.6121678352355957 1
1731169541466 1.6901519298553467 1
1731169541492 1.6130832433700562 1
1731169541521 1.6313022375106812 1
1731169541558 1.6061592102050781 1
1731169541593 1.637598991394043 1
1731169541620 1.5499975681304932 1
1731169541648 1.663220763206482 1
1731169541675 1.6189563274383545 1
1731169541707 1.6545851230621338 1
1731169541731 1.6128896474838257 1
1731169541754 1.5998207330703735 1
1731169541778 1.5665919780731201 1
1731169541799 1.5507627725601196 1
1731169541819 1.6618711948394775 1
1731169541842 1.6222163438796997 1
1731169541877 1.6889652013778687 1
1731169541906 1.6408675909042358 1
1731169541936 1.5704407691955566 1
1731169541963 1.6363554000854492 1
1731169541988 1.5087940692901611 1
1731169542010 1.6311187744140625 1
1731169542037 1.6186490058898926 1
1731169542056 1.595322608947754 1
1731169542079 1.6847363710403442 1
1731169542100 1.6195433139801025 1
1731169542123 1.580841302871704 1
1731169542147 1.6026369333267212 1
1731169542187 1.6304931640625 1
1731169542215 1.5839613676071167 1
1731169542242 1.6514085531234741 1
1731169542264 1.6893479824066162 1
1731169542286 1.6350409984588623 1
1731169542309 1.6337873935699463 1
1731169542334 1.545294165611267 1
1731169542353 1.6308740377426147 1
1731169542374 1.593684434890747 1
1731169542396 1.5519758462905884 1
1731169542419 1.6508076190948486 1
1731169542446 1.6367478370666504 1
1731169542470 1.5606096982955933 1
1731169542487 1.5713378190994263 1
1731169542515 1.5757369995117188 1
1731169542539 1.6004279851913452 1
1731169542568 1.7000566720962524 1
1731169542596 1.5694299936294556 1
1731169542650 1.6344048976898193 1
1731169542677 1.5515552759170532 1
1731169542706 1.6243788003921509 1
1731169542739 1.6396925449371338 1
1731169542765 1.6498345136642456 1
1731169542794 1.5772061347961426 1
1731169542865 1.5759608745574951 1
1731169542910 1.5955486297607422 1
1731169542937 1.5962889194488525 1
1731169542964 1.5366653203964233 1
1731169542988 1.5682650804519653 1
1731169543012 1.5733355283737183 1
1731169543039 1.6482903957366943 1
1731169543071 1.5526949167251587 1
1731169543096 1.5687674283981323 1
1731169543128 1.6098511219024658 1
1731169543259 1.6071882247924805 1
1731169543332 1.6282212734222412 1
1731169543372 1.559238076210022 1
1731169543425 1.6983200311660767 1
1731169543471 1.6111375093460083 1
1731169543502 1.6185064315795898 1
1731169543535 1.5852521657943726 1
1731169543576 1.6077805757522583 1
1731169543605 1.5653876066207886 1
1731169543638 1.6013535261154175 1
1731169543665 1.6881392002105713 1
1731169543691 1.692825198173523 1
1731169543715 1.5293803215026855 1
1731169543746 1.5720194578170776 1
1731169543771 1.5573476552963257 1
1731169543795 1.6550803184509277 1
1731169543821 1.604542851448059 1
1731169543864 1.552208662033081 1
1731169543894 1.5574219226837158 1
1731169543917 1.5709364414215088 1
1731169543945 1.6318477392196655 1
1731169543969 1.632069706916809 1
1731169543996 1.5561859607696533 1
1731169544024 1.6467745304107666 1
1731169544052 1.6153708696365356 1
1731169544087 1.6455259323120117 1
1731169544114 1.6134417057037354 1
1731169544140 1.5257866382598877 1
1731169544164 1.581972599029541 1
1731169544186 1.5745530128479004 1
1731169544208 1.5649007558822632 1
1731169544227 1.6583291292190552 1
1731169544256 1.66517972946167 1
1731169544285 1.5907297134399414 1
1731169544318 1.5772969722747803 1
1731169544348 1.6245853900909424 1
1731169544384 1.679795503616333 1
1731169544418 1.6188924312591553 1
1731169544463 1.5780935287475586 1
1731169544494 1.5738886594772339 1
1731169544528 1.5724979639053345 1
1731169544575 1.6268353462219238 1
1731169544618 1.5790085792541504 1
1731169544653 1.6275279521942139 1
1731169544685 1.6258100271224976 1
1731169544718 1.5756534337997437 1
1731169544756 1.5241323709487915 1
1731169544784 1.6203116178512573 1
1731169544819 1.55120849609375 1
1731169544842 1.5507586002349854 1
1731169544881 1.600860834121704 1
1731169544920 1.6795896291732788 1
1731169544959 1.6275560855865479 1
1731169545058 1.6245232820510864 1
1731169545085 1.6517410278320312 1
1731169545113 1.6959388256072998 1
1731169545149 1.6289976835250854 1
1731169545195 1.6146693229675293 1
1731169545221 1.6651368141174316 1
1731169545244 1.6987556219100952 1
1731169545267 1.5976117849349976 1
1731169545289 1.6319425106048584 1
1731169545312 1.5991325378417969 1
1731169545334 1.6343849897384644 1
1731169545359 1.592499017715454 1
1731169545391 1.6656813621520996 1
1731169545417 1.6004973649978638 1
1731169545445 1.5674831867218018 1
1731169545473 1.5837093591690063 1
1731169545498 1.6331467628479004 1
1731169545533 1.6300749778747559 1
1731169545559 1.6188877820968628 1
1731169545590 1.6005401611328125 1
1731169545621 1.5854988098144531 1
1731169545651 1.4957783222198486 1
1731169545681 1.6417958736419678 1
1731169545716 1.625472068786621 1
1731169545751 1.6190741062164307 1
1731169545787 1.6108927726745605 1
1731169545813 1.6396598815917969 1
1731169545840 1.571619987487793 1
1731169545865 1.647589921951294 1
1731169545893 1.6419306993484497 1
1731169545919 1.5793278217315674 1
1731169545947 1.5692418813705444 1
1731169545971 1.5760270357131958 1
1731169546004 1.5349793434143066 1
1731169546028 1.6507805585861206 1
1731169546054 1.615488052368164 1
1731169546084 1.595502495765686 1
1731169546111 1.6139473915100098 1
1731169546140 1.568406105041504 1
1731169546163 1.6046133041381836 1
1731169546190 1.6116445064544678 1
1731169546220 1.6102941036224365 1
1731169546249 1.632110357284546 1
1731169546279 1.5723220109939575 1
1731169546310 1.5709348917007446 1
1731169546342 1.5447427034378052 1
1731169546377 1.55349600315094 1
1731169546417 1.637148141860962 1
1731169546452 1.7381709814071655 1
1731169546490 1.5358216762542725 1
1731169546519 1.6569175720214844 1
1731169546551 1.5934710502624512 1
1731169546575 1.649375081062317 1
1731169546607 1.568267583847046 1
1731169546638 1.7055414915084839 1
1731169546674 1.5754742622375488 1
1731169546705 1.6266863346099854 1
1731169546740 1.6374247074127197 1
1731169546773 1.6808608770370483 1
1731169546807 1.511030912399292 1
1731169546839 1.5927530527114868 1
1731169546871 1.5865585803985596 1
1731169546895 1.5943851470947266 1
1731169546921 1.6107146739959717 1
1731169546946 1.552865982055664 1
1731169546969 1.6161541938781738 1
1731169546993 1.556809425354004 1
1731169547018 1.594504952430725 1
1731169547050 1.6107321977615356 1
1731169547078 1.6284987926483154 1
1731169547100 1.609980821609497 1
1731169547137 1.5595049858093262 1
1731169547168 1.6021531820297241 1
1731169547203 1.5870728492736816 1
1731169547238 1.6152007579803467 1
1731169547263 1.6484167575836182 1
1731169547286 1.6562931537628174 1
1731169547309 1.558204174041748 1
1731169547332 1.6608691215515137 1
1731169547354 1.5595982074737549 1
1731169547384 1.599563717842102 1
1731169547413 1.6371216773986816 1
1731169547438 1.6154987812042236 1
1731169547467 1.6514338254928589 1
1731169547494 1.5603970289230347 1
1731169547519 1.6240016222000122 1
1731169547547 1.5212433338165283 1
1731169547574 1.642183780670166 1
1731169547606 1.680452585220337 1
1731169547641 1.598783254623413 1
1731169547740 1.6034847497940063 1
1731169547876 1.5848748683929443 1
1731169547920 1.6019854545593262 1
1731169547973 1.6508314609527588 1
1731169548077 1.5540974140167236 1
1731169548144 1.6626062393188477 1
1731169548177 1.5340163707733154 1
1731169548211 1.5955969095230103 1
1731169548232 1.6131179332733154 1
1731169548289 1.5774132013320923 1
1731169548330 1.6072386503219604 1
1731169548352 1.6295400857925415 1
1731169548381 1.6590505838394165 1
1731169548413 1.5972776412963867 1
1731169548440 1.5858830213546753 1
1731169548471 1.6386557817459106 1
1731169548495 1.6092551946640015 1
1731169548516 1.5430686473846436 1
1731169548572 1.6159286499023438 1
1731169548608 1.6050993204116821 1
1731169548641 1.5383669137954712 1
1731169548674 1.60977303981781 1
1731169548739 1.5865117311477661 1
1731169548784 1.5500249862670898 1
1731169548830 1.6121479272842407 1
1731169548883 1.5883680582046509 1
1731169548905 1.6022371053695679 1
1731169548928 1.581712007522583 1
1731169548964 1.5540410280227661 1
1731169548989 1.6167410612106323 1
1731169549022 1.607305645942688 1
1731169549050 1.5493669509887695 1
1731169549080 1.744971513748169 1
1731169549106 1.5283761024475098 1
1731169549148 1.575366735458374 1
1731169549183 1.6165745258331299 1
1731169549209 1.599635124206543 1
1731169549240 1.5583525896072388 1
1731169549263 1.498908281326294 1
1731169549287 1.5674971342086792 1
1731169549313 1.5934498310089111 1
1731169549335 1.6089098453521729 1
1731169549359 1.5331324338912964 1
1731169549381 1.6073331832885742 1
1731169549404 1.63709557056427 1
1731169549425 1.6177409887313843 1
1731169549446 1.6330552101135254 1
1731169549468 1.647029161453247 1
1731169549488 1.5622575283050537 1
1731169549509 1.644597053527832 1
1731169549532 1.5357294082641602 1
1731169549557 1.6383589506149292 1
1731169549583 1.6085777282714844 1
1731169549610 1.6258811950683594 1
1731169549637 1.5938142538070679 1
1731169549679 1.6297247409820557 1
1731169549708 1.5826780796051025 1
1731169549742 1.613276481628418 1
1731169549772 1.6123393774032593 1
1731169549803 1.600538969039917 1
1731169549834 1.606056571006775 1
1731169549864 1.6667265892028809 1
1731169549904 1.6642141342163086 1
1731169549941 1.5988659858703613 1
1731169549971 1.5625542402267456 1
1731169549998 1.6266099214553833 1
1731169550025 1.586368441581726 1
1731169550047 1.5722806453704834 1
1731169550086 1.631856918334961 1
1731169550119 1.6040757894515991 1
1731169550164 1.5827600955963135 1
1731169550204 1.626142978668213 1
1731169550239 1.5260322093963623 1
1731169550283 1.6778006553649902 1
1731169550308 1.5699210166931152 1
1731169550348 1.6171053647994995 1
1731169550381 1.6405177116394043 1
1731169550409 1.5868123769760132 1
1731169550435 1.6618397235870361 1
1731169550467 1.582470417022705 1
1731169550502 1.5421340465545654 1
1731169550539 1.668073058128357 1
1731169550573 1.5859540700912476 1
1731169550612 1.5604910850524902 1
1731169550644 1.6110146045684814 1
1731169550671 1.5520973205566406 1
1731169550719 1.6329667568206787 1
1731169550752 1.6774474382400513 1
1731169550776 1.5844517946243286 1
1731169550803 1.654569387435913 1
1731169550831 1.6162563562393188 1
1731169550860 1.5722887516021729 1
1731169550897 1.6060421466827393 1
1731169550934 1.569235920906067 1
1731169550964 1.6407594680786133 1
1731169551000 1.619284987449646 1
1731169551110 1.619295358657837 1
1731169551217 1.5747292041778564 1
1731169551279 1.601743221282959 1
1731169551301 1.6014505624771118 1
1731169551316 1.6034208536148071 1
1731169551338 1.5702095031738281 1
1731169551372 1.5739539861679077 1
1731169551406 1.6558146476745605 1
1731169551440 1.609702467918396 1
1731169551476 1.5358011722564697 1
1731169551506 1.6242483854293823 1
1731169551526 1.6487970352172852 1
1731169551550 1.58970308303833 1
1731169551604 1.666690707206726 1
1731169551635 1.6336750984191895 1
1731169551669 1.6407829523086548 1
1731169551710 1.5566080808639526 1
1731169551767 1.6009923219680786 1
1731169551810 1.7020164728164673 1
1731169551844 1.5726969242095947 1
1731169551878 1.6167354583740234 1
1731169551900 1.5337417125701904 1
1731169551931 1.5875324010849 1
1731169551968 1.5427768230438232 1
1731169551993 1.5635737180709839 1
1731169552019 1.5265957117080688 1
1731169552048 1.568627953529358 1
1731169552078 1.5841666460037231 1
1731169552109 1.574997901916504 1
1731169552146 1.5854119062423706 1
1731169552180 1.6363791227340698 1
1731169552250 1.5986523628234863 1
1731169552280 1.5755066871643066 1
1731169552308 1.567279577255249 1
1731169552337 1.583979845046997 1
1731169552367 1.5524379014968872 1
1731169552417 1.591574788093567 1
1731169552451 1.601518154144287 1
1731169552487 1.585118055343628 1
1731169552525 1.5564119815826416 1
1731169552548 1.5904490947723389 1
1731169552575 1.6940032243728638 1
1731169552599 1.616783618927002 1
1731169552632 1.5721875429153442 1
1731169552663 1.6019576787948608 1
1731169552767 1.5968149900436401 1
1731169552810 1.599524974822998 1
1731169552846 1.7100770473480225 1
1731169552875 1.5658972263336182 1
1731169552908 1.681544542312622 1
1731169552930 1.5823495388031006 1
1731169552954 1.6404147148132324 1
1731169552979 1.6286921501159668 1
1731169553002 1.695544958114624 1
1731169553027 1.6576025485992432 1
1731169553045 1.601460576057434 1
1731169553067 1.623883843421936 1
1731169553091 1.6133975982666016 1
1731169553113 1.5378105640411377 1
1731169553140 1.5892630815505981 1
1731169553184 1.6324502229690552 1
1731169553212 1.6306228637695312 1
1731169553242 1.6102725267410278 1
1731169553271 1.575223684310913 1
1731169553302 1.6176302433013916 1
1731169553349 1.5645370483398438 1
1731169553389 1.6555328369140625 1
1731169553416 1.5485855340957642 1
1731169553439 1.7115623950958252 1
1731169553463 1.5759305953979492 1
1731169553487 1.6736221313476562 1
1731169553528 1.584032416343689 1
1731169553567 1.5704576969146729 1
1731169553603 1.6163866519927979 1
1731169553631 1.5675382614135742 1
1731169553658 1.6106840372085571 1
1731169553680 1.6544638872146606 1
1731169553703 1.6442612409591675 1
1731169553727 1.5260753631591797 1
1731169553753 1.6181941032409668 1
1731169553788 1.6500884294509888 1
1731169553819 1.7407519817352295 1
1731169553853 1.5991003513336182 1
1731169553892 1.577720284461975 1
1731169554050 1.6337480545043945 1
1731169554092 1.5946146249771118 1
1731169554112 1.5743165016174316 1
1731169554149 1.586874008178711 1
1731169554184 1.6186349391937256 1
1731169554221 1.692812204360962 1
1731169554253 1.5758919715881348 1
1731169554278 1.580965280532837 1
1731169554373 1.5451000928878784 1
1731169554600 1.535188913345337 1
1731169554664 1.629159927368164 1
1731169554810 1.5405086278915405 1
1731169554942 1.5895256996154785 1
1731169554968 1.601654291152954 1
1731169555028 1.6077300310134888 1
1731169555054 1.5260438919067383 1
1731169555105 1.6496105194091797 1
1731169555142 1.645982027053833 1
1731169555193 1.5883551836013794 1
1731169555254 1.5888861417770386 1
1731169555335 1.609480381011963 1
1731169555384 1.6339062452316284 1
1731169555428 1.5687748193740845 1
1731169555481 1.4926596879959106 1
1731169555517 1.6122169494628906 1
1731169555575 1.5982685089111328 1
1731169555598 1.6280021667480469 1
1731169555624 1.5943317413330078 1
1731169555663 1.6049271821975708 1
1731169555701 1.632091999053955 1
1731169555725 1.6098555326461792 1
1731169555755 1.6154329776763916 1
1731169555776 1.644889235496521 1
1731169555798 1.5576951503753662 1
1731169555826 1.6317317485809326 1
1731169555846 1.640758991241455 1
1731169555867 1.6173100471496582 1
1731169555895 1.6328871250152588 1
1731169555918 1.630052089691162 1
1731169555946 1.5203490257263184 1
1731169555974 1.6151496171951294 1
1731169556003 1.6100282669067383 1
1731169556038 1.5975857973098755 1
1731169556134 1.6290494203567505 1
1731169556158 1.5931450128555298 1
1731169556181 1.6631147861480713 1
1731169556208 1.595677137374878 1
1731169556229 1.5913417339324951 1
1731169556251 1.681107997894287 1
1731169556284 1.6472727060317993 1
1731169556310 1.5996770858764648 1
1731169556335 1.6178901195526123 1
1731169556361 1.6056301593780518 1
1731169556389 1.617722511291504 1
1731169556411 1.6029267311096191 1
1731169556435 1.6246464252471924 1
1731169556458 1.6166881322860718 1
1731169556482 1.5809049606323242 1
1731169556506 1.6508924961090088 1
1731169556537 1.6157296895980835 1
1731169556571 1.6007635593414307 1
1731169556605 1.542222023010254 1
1731169556631 1.5383673906326294 1
1731169556651 1.5601694583892822 1
1731169556703 1.6314789056777954 1
1731169556730 1.6475495100021362 1
1731169556754 1.5755925178527832 1
1731169556786 1.646420955657959 1
1731169556810 1.511225938796997 1
1731169556835 1.5641002655029297 1
1731169556856 1.5856287479400635 1
1731169556894 1.5850043296813965 1
1731169556923 1.63499915599823 1
1731169556959 1.6018178462982178 1
1731169556987 1.6778178215026855 1
1731169557014 1.554783582687378 1
1731169557043 1.587355375289917 1
1731169557074 1.681199550628662 1
1731169557095 1.5523300170898438 1
1731169557116 1.5876306295394897 1
1731169557146 1.5693773031234741 1
1731169557170 1.6070051193237305 1
1731169557199 1.602806806564331 1
1731169557227 1.5455399751663208 1
1731169557250 1.6085402965545654 1
1731169557272 1.6257030963897705 1
1731169557300 1.6741244792938232 1
1731169557325 1.608195424079895 1
1731169557349 1.6265885829925537 1
1731169557379 1.6678330898284912 1
1731169557409 1.5967652797698975 1
1731169557435 1.5560215711593628 1
1731169557467 1.6578980684280396 1
1731169557500 1.681455373764038 1
1731169557533 1.5904057025909424 1
1731169557571 1.6347554922103882 1
1731169557629 1.6581852436065674 1
1731169557659 1.6049268245697021 1
1731169557688 1.5451862812042236 1
1731169557716 1.6117594242095947 1
1731169557741 1.6006431579589844 1
1731169557770 1.532191276550293 1
1731169557796 1.6626019477844238 1
1731169557823 1.5840559005737305 1
1731169557855 1.6329195499420166 1
1731169557916 1.6014306545257568 1
1731169557955 1.531895637512207 1
1731169557976 1.639397382736206 1
1731169558001 1.554628610610962 1
1731169558064 1.6158995628356934 1
1731169558088 1.634587287902832 1
1731169558108 1.6459758281707764 1
1731169558133 1.6045042276382446 1
1731169558161 1.6160266399383545 1
1731169558192 1.5579860210418701 1
1731169558244 1.690718173980713 1
1731169558274 1.7015968561172485 1
1731169558299 1.5245367288589478 1
1731169558322 1.5541874170303345 1
1731169558345 1.6115357875823975 1
1731169558369 1.5398650169372559 1
1731169558398 1.6152487993240356 1
1731169558425 1.6057072877883911 1
1731169558454 1.6261160373687744 1
1731169558480 1.6961522102355957 1
1731169558504 1.6454542875289917 1
1731169558526 1.625253438949585 1
1731169558555 1.6336545944213867 1
1731169558578 1.5780072212219238 1
1731169558636 1.5285769701004028 1
1731169558662 1.5846354961395264 1
1731169558685 1.6101491451263428 1
1731169558726 1.5942426919937134 1
1731169558754 1.5176855325698853 1
1731169558776 1.5864554643630981 1
1731169558808 1.601339340209961 1
1731169558832 1.5660624504089355 1
1731169558857 1.5730280876159668 1
1731169558877 1.6209256649017334 1
1731169558896 1.538426160812378 1
1731169558921 1.5995686054229736 1
1731169558944 1.6501233577728271 1
1731169558967 1.6018996238708496 1
1731169558988 1.6654759645462036 1
1731169559008 1.6282017230987549 1
1731169559037 1.6403415203094482 1
1731169559062 1.600280523300171 1
1731169559087 1.5558149814605713 1
1731169559113 1.6322035789489746 1
1731169559137 1.605370044708252 1
1731169559164 1.5527498722076416 1
1731169559186 1.5723291635513306 1
1731169559208 1.577263355255127 1
1731169559237 1.5701360702514648 1
1731169559265 1.5099557638168335 1
1731169559321 1.6149410009384155 1
1731169559345 1.62968909740448 1
1731169559371 1.5778559446334839 1
1731169559397 1.5745679140090942 1
1731169559432 1.5550000667572021 1
1731169559468 1.6016079187393188 1
1731169559503 1.6091272830963135 1
1731169559527 1.6454370021820068 1
1731169559550 1.6342594623565674 1
1731169559572 1.556715726852417 1
1731169559594 1.5898196697235107 1
1731169559617 1.5762087106704712 1
1731169559645 1.6153186559677124 1
1731169559667 1.6510437726974487 1
1731169559685 1.6387465000152588 1
1731169559710 1.584788203239441 1
1731169559735 1.6496999263763428 1
1731169559761 1.6384598016738892 1
1731169559787 1.651868462562561 1
1731169559814 1.585610032081604 1
1731169559852 1.6149250268936157 1
1731169559889 1.6438283920288086 1
1731169559918 1.6444318294525146 1
1731169559957 1.5718443393707275 1
1731169559983 1.5788286924362183 1
1731169560029 1.613067388534546 1
1731169560051 1.6327095031738281 1
1731169560075 1.6793179512023926 1
1731169560097 1.5819311141967773 1
1731169560125 1.5446839332580566 1
1731169560151 1.5808207988739014 1
1731169560185 1.6062843799591064 1
1731169560212 1.6492408514022827 1
1731169560246 1.6248583793640137 1
1731169560270 1.5753496885299683 1
1731169560296 1.6740410327911377 1
1731169560324 1.6290240287780762 1
1731169560346 1.6231658458709717 1
1731169560370 1.658216953277588 1
1731169560422 1.5977622270584106 1
1731169560441 1.6739578247070312 1
1731169560472 1.638562560081482 1
1731169560493 1.6627074480056763 1
1731169560521 1.6437619924545288 1
1731169560559 1.6488419771194458 1
1731169560582 1.627286672592163 1
1731169560608 1.5991053581237793 1
1731169560656 1.56539785861969 1
1731169560710 1.5671337842941284 1
1731169560737 1.6140961647033691 1
1731169560761 1.6272525787353516 1
1731169560795 1.6028627157211304 1
1731169560817 1.5827388763427734 1
1731169560840 1.5976128578186035 1
1731169560869 1.6617506742477417 1
1731169560899 1.6433937549591064 1
1731169560925 1.6242592334747314 1
1731169560950 1.5919800996780396 1
1731169560977 1.5849413871765137 1
1731169561005 1.5642378330230713 1
1731169561033 1.5486232042312622 1
1731169561097 1.57073974609375 1
1731169561134 1.5511589050292969 1
1731169561152 1.4764155149459839 1
1731169561176 1.6912577152252197 1
1731169561243 1.5923333168029785 1
1731169561267 1.606589913368225 1
1731169561293 1.621962308883667 1
1731169561318 1.5322802066802979 1
1731169561343 1.5594148635864258 1
1731169561372 1.5403417348861694 1
1731169561408 1.5959951877593994 1
1731169561442 1.6064518690109253 1
1731169561472 1.642751693725586 1
1731169561503 1.6638202667236328 1
1731169561530 1.5933899879455566 1
1731169561559 1.6893749237060547 1
1731169561585 1.5821672677993774 1
1731169561607 1.5547484159469604 1
1731169561637 1.6574573516845703 1
1731169561669 1.6087946891784668 1
1731169561695 1.6759839057922363 1
1731169561727 1.5702385902404785 1
1731169561757 1.661078929901123 1
1731169561781 1.6468360424041748 1
1731169561805 1.6542291641235352 1
1731169561839 1.588582992553711 1
1731169561860 1.6217961311340332 1
1731169561880 1.5863325595855713 1
1731169561917 1.6371290683746338 1
1731169561960 1.5967578887939453 1
1731169561989 1.6954156160354614 1
1731169562020 1.6184002161026 1
1731169562063 1.5601036548614502 1
1731169562083 1.6036256551742554 1
1731169562105 1.5641722679138184 1
1731169562148 1.528252363204956 1
1731169562181 1.5933361053466797 1
1731169562209 1.554422378540039 1
1731169562293 1.5649940967559814 1
1731169562320 1.6095993518829346 1
1731169562351 1.6128901243209839 1
1731169562375 1.6155346632003784 1
1731169562405 1.531263828277588 1
1731169562426 1.5296846628189087 1
1731169562459 1.5389165878295898 1
1731169562487 1.5529348850250244 1
1731169562513 1.5464814901351929 1
1731169562531 1.6344692707061768 1
1731169562574 1.677183747291565 1
1731169562596 1.6114258766174316 1
1731169562618 1.5449254512786865 1
1731169562648 1.5758994817733765 1
1731169562675 1.656684160232544 1
1731169562870 1.5989805459976196 1
1731169563023 1.5907771587371826 1
1731169563139 1.6579879522323608 1
1731169563182 1.5804638862609863 1
1731169563207 1.7015151977539062 1
1731169563239 1.5691945552825928 1
1731169563270 1.549752950668335 1
1731169563308 1.5731074810028076 1
1731169563367 1.575791835784912 1
1731169563394 1.5558873414993286 1
1731169563419 1.6074477434158325 1
1731169563441 1.5341475009918213 1
1731169563464 1.5890477895736694 1
1731169563496 1.5805296897888184 1
1731169563518 1.6079792976379395 1
1731169563574 1.5594340562820435 1
1731169563617 1.6090872287750244 1
1731169563655 1.56699800491333 1
1731169563687 1.553468108177185 1
1731169563717 1.5578163862228394 1
1731169563743 1.5357661247253418 1
1731169563772 1.5776057243347168 1
1731169563796 1.5401242971420288 1
1731169563835 1.5254064798355103 1
1731169563854 1.5086569786071777 1
1731169563916 1.5217503309249878 1
1731169563971 1.6034941673278809 1
1731169563999 1.5589762926101685 1
1731169564022 1.5684223175048828 1
1731169564047 1.5400561094284058 1
1731169564070 1.6344581842422485 1
1731169564091 1.5339502096176147 1
1731169564112 1.513823390007019 1
1731169564139 1.5681138038635254 1
1731169564168 1.5101301670074463 1
1731169564252 1.5337674617767334 1
1731169564280 1.5390641689300537 1
1731169564306 1.5072999000549316 1
1731169564331 1.6783339977264404 1
1731169564351 1.5712924003601074 1
1731169564372 1.558295488357544 1
1731169564415 1.5844039916992188 1
1731169564445 1.520898699760437 1
1731169564473 1.5121548175811768 1
1731169564496 1.5112494230270386 1
1731169564572 1.514976978302002 1
1731169564627 1.495299220085144 1
1731169564657 1.58233642578125 1
1731169564683 1.5112526416778564 1
1731169564713 1.4930208921432495 1
1731169564741 1.5430209636688232 1
1731169564763 1.5635666847229004 1
1731169564795 1.5798873901367188 1
1731169564829 1.579614281654358 1
1731169564859 1.6118873357772827 1
1731169564889 1.5800939798355103 1
1731169564909 1.5090644359588623 1
1731169564932 1.5832836627960205 1
1731169564955 1.577122449874878 1
1731169564978 1.592966079711914 1
1731169564999 1.5805237293243408 1
1731169565024 1.525377869606018 1
1731169565049 1.5497795343399048 1
1731169565077 1.5834355354309082 1
1731169565113 1.564776062965393 1
1731169565138 1.5777897834777832 1
1731169565160 1.5741591453552246 1
1731169565212 1.5560157299041748 1
1731169565245 1.6297792196273804 1
1731169565268 1.5858551263809204 1
1731169565294 1.579056978225708 1
1731169565321 1.522308349609375 1
1731169565344 1.5595059394836426 1
1731169565367 1.5394632816314697 1
1731169565387 1.5425868034362793 1
1731169565423 1.548096776008606 1
1731169565453 1.568813443183899 1
1731169565474 1.5856419801712036 1
1731169565500 1.5502794981002808 1
1731169565532 1.5286102294921875 1
1731169565560 1.4943251609802246 1
1731169565587 1.5543408393859863 1
1731169565614 1.5753353834152222 1
1731169565648 1.5222769975662231 1
1731169565678 1.553278923034668 1
1731169565704 1.5640933513641357 1
1731169565725 1.5495308637619019 1
1731169565759 1.5352065563201904 1
1731169565786 1.5146645307540894 1
1731169565823 1.5406396389007568 2
1731169565846 1.5283689498901367 2
1731169565868 1.5418169498443604 2
1731169565899 1.5800080299377441 2
1731169565935 1.6112667322158813 2
1731169565977 1.5194714069366455 2
1731169566003 1.5620810985565186 2
1731169566031 1.5091369152069092 2
1731169566055 1.5130186080932617 2
1731169566080 1.534530520439148 2
1731169566106 1.5449553728103638 2
1731169566130 1.5199071168899536 2
1731169566160 1.584607481956482 2
1731169566203 1.5325742959976196 2
1731169566234 1.5761528015136719 2
1731169566270 1.5686419010162354 2
1731169566290 1.528356909751892 2
1731169566327 1.4908394813537598 2
1731169566352 1.519139289855957 2
1731169566380 1.568528652191162 2
1731169566403 1.5517637729644775 2
1731169566434 1.6402968168258667 2
1731169566461 1.5235512256622314 2
1731169566490 1.4964829683303833 2
1731169566516 1.5513676404953003 2
1731169566598 1.6146814823150635 2
1731169566627 1.5624865293502808 2
1731169566659 1.5696009397506714 2
1731169566687 1.5106022357940674 2
1731169566713 1.505783200263977 2
1731169566738 1.5376237630844116 2
1731169566766 1.530287265777588 2
1731169566793 1.5344196557998657 2
1731169566820 1.480682134628296 2
1731169566852 1.4983636140823364 2
1731169566883 1.5390169620513916 2
1731169566906 1.5333224534988403 2
1731169566934 1.5930062532424927 2
1731169566954 1.5098841190338135 2
1731169566988 1.5591601133346558 2
1731169567015 1.5247210264205933 2
1731169567097 1.5410234928131104 2
1731169567117 1.4969408512115479 2
1731169567171 1.5760380029678345 2
1731169567221 1.5469152927398682 2
1731169567285 1.5791264772415161 2
