1731169502207 5.0 0
1731169502270 20.0 0
1731169502299 32.0 0
1731169502339 49.0 0
1731169502383 72.0 0
1731169502422 99.0 0
1731169502445 127.0 0
1731169502493 155.0 0
1731169502523 197.0 0
1731169502571 234.0 0
1731169502595 274.0 0
1731169502621 316.0 0
1731169502652 360.0 0
1731169502679 402.0 0
1731169502702 443.0 0
1731169502732 485.0 0
1731169502766 529.0 0
1731169502800 565.0 0
1731169502832 609.0 0
1731169502884 655.0 0
1731169502927 692.0 0
1731169502950 734.0 0
1731169502976 784.0 0
1731169503001 832.0 0
1731169503023 880.0 0
1731169503046 931.0 0
1731169503114 973.0 0
1731169503148 1024.0 0
1731169503173 1072.0 0
1731169503195 1125.0 0
1731169503215 1174.0 0
1731169503235 1224.0 0
1731169503257 1273.0 0
1731169503280 1326.0 0
1731169503304 1381.0 0
1731169503326 1431.0 0
1731169503346 1479.0 0
1731169503366 1531.0 0
1731169503458 1581.0 0
1731169503504 1633.0 0
1731169503538 1680.0 0
1731169503616 1730.0 0
1731169503659 1778.0 0
1731169503698 1832.0 0
1731169503722 1883.0 0
1731169503743 1930.0 0
1731169503766 1976.0 0
1731169503795 2033.0 0
1731169503818 2081.0 0
1731169503842 2127.0 0
1731169503871 2178.0 0
1731169503897 2230.0 0
1731169503928 2283.0 0
1731169503955 2331.0 0
1731169503979 2387.0 0
1731169504001 2438.0 0
1731169504023 2492.0 0
1731169504046 2545.0 0
1731169504072 2593.0 0
1731169504098 2640.0 0
1731169504138 2690.0 0
1731169504168 2737.0 0
1731169504201 2784.0 0
1731169504224 2839.0 0
1731169504258 2889.0 0
1731169504284 2942.0 0
1731169504315 2992.0 0
1731169504339 3043.0 0
1731169504361 3092.0 0
1731169504383 3140.0 0
1731169504405 3195.0 0
1731169504426 3251.0 0
1731169504457 3301.0 0
1731169504479 3355.0 0
1731169504512 3401.0 0
1731169504541 3456.0 0
1731169504575 3500.0 0
1731169504596 3556.0 0
1731169504617 3611.0 0
1731169504642 3668.0 0
1731169504665 3718.0 0
1731169504683 3768.0 0
1731169504709 3822.0 0
1731169504734 3876.0 0
1731169504762 3926.0 0
1731169504796 3982.0 0
1731169504828 4031.0 0
1731169504854 4087.0 0
1731169504880 4144.0 0
1731169504908 4192.0 0
1731169504935 4246.0 0
1731169504955 4296.0 0
1731169504976 4351.0 0
1731169504999 4405.0 0
1731169505020 4463.0 0
1731169505040 4510.0 0
1731169505060 4565.0 0
1731169505078 4619.0 0
1731169505099 4671.0 0
1731169505120 4721.0 0
1731169505139 4771.0 0
1731169505159 4821.0 0
1731169505189 4867.0 0
1731169505217 4917.0 0
1731169505238 4969.0 0
1731169505268 5017.0 0
1731169505292 5075.0 0
1731169505318 5130.0 0
1731169505343 5180.0 0
1731169505370 5232.0 0
1731169505400 5284.0 0
1731169505436 5336.0 0
1731169505457 5389.0 0
1731169505477 5441.0 0
1731169505499 5501.0 0
1731169505522 5553.0 0
1731169505542 5602.0 0
1731169505565 5652.0 0
1731169505597 5700.0 0
1731169505626 5752.0 0
1731169505657 5802.0 0
1731169505692 5854.0 0
1731169505719 5905.0 0
1731169505743 5951.0 0
1731169505769 6007.0 0
1731169505796 6059.0 0
1731169505824 6113.0 0
1731169505852 6169.0 0
1731169505872 6226.0 0
1731169505900 6277.0 0
1731169505929 6329.0 0
1731169505962 6378.0 0
1731169505987 6428.0 0
1731169506014 6480.0 0
1731169506040 6539.0 0
1731169506069 6592.0 0
1731169506101 6648.0 0
1731169506121 6702.0 0
1731169506150 6757.0 0
1731169506178 6810.0 0
1731169506204 6863.0 0
1731169506236 6917.0 0
1731169506272 6971.0 0
1731169506301 7019.0 0
1731169506331 7073.0 0
1731169506358 7125.0 0
1731169506390 7181.0 0
1731169506419 7237.0 0
1731169506453 7292.0 0
1731169506472 7341.0 0
1731169506493 7393.0 0
1731169506514 7445.0 0
1731169506558 7496.0 0
1731169506605 7546.0 0
1731169506633 7602.0 0
1731169506661 7651.0 0
1731169506686 7701.0 0
1731169506713 7753.0 0
1731169506740 7811.0 0
1731169506769 7861.0 0
1731169506794 7911.0 0
1731169506823 7967.0 0
1731169506849 8018.0 0
1731169506881 8071.0 0
1731169506906 8127.0 0
1731169506935 8178.0 0
1731169506962 8232.0 0
1731169506996 8280.0 0
1731169507020 8339.0 0
1731169507047 8396.0 0
1731169507081 8445.0 0
1731169507125 8499.0 0
1731169507168 8556.0 0
1731169507203 8611.0 0
1731169507232 8666.0 0
1731169507260 8719.0 0
1731169507284 8775.0 0
1731169507311 8830.0 0
1731169507335 8887.0 0
1731169507357 8936.0 0
1731169507377 8992.0 0
1731169507399 9046.0 0
1731169507420 9097.0 0
1731169507441 9152.0 0
1731169507460 9211.0 0
1731169507479 9269.0 0
1731169507501 9320.0 0
1731169507522 9375.0 0
1731169507543 9432.0 0
1731169507565 9483.0 0
1731169507595 9538.0 0
1731169507616 9590.0 0
1731169507641 9648.0 0
1731169507663 9696.0 0
1731169507682 9748.0 0
1731169507703 9803.0 0
1731169507725 9852.0 0
1731169507747 9903.0 0
1731169507774 9963.0 0
1731169507797 10014.0 0
1731169507819 10073.0 0
1731169507846 10127.0 0
1731169507874 10184.0 0
1731169507900 10238.0 0
1731169507927 10291.0 0
1731169507954 10341.0 0
1731169507989 10391.0 0
1731169508014 10447.0 0
1731169508038 10496.0 0
1731169508067 10550.0 0
1731169508102 10596.0 0
1731169508127 10654.0 0
1731169508157 10709.0 0
1731169508187 10760.0 0
1731169508300 10813.0 0
1731169508316 10866.0 0
1731169508352 10923.0 0
1731169508391 10974.0 0
1731169508427 11032.0 0
1731169508450 11088.0 0
1731169508479 11142.0 0
1731169508509 11195.0 0
1731169508540 11249.0 0
1731169508570 11298.0 0
1731169508600 11353.0 0
1731169508631 11404.0 0
1731169508653 11461.0 0
1731169508678 11516.0 0
1731169508702 11569.0 0
1731169508729 11620.0 0
1731169508752 11674.0 0
1731169508778 11728.0 0
1731169508800 11777.0 0
1731169508830 11830.0 0
1731169508855 11883.0 0
1731169508883 11933.0 0
1731169508908 11991.0 0
1731169508936 12047.0 0
1731169508966 12098.0 0
1731169508990 12154.0 0
1731169509019 12208.0 0
1731169509041 12260.0 0
1731169509074 12314.0 0
1731169509098 12374.0 0
1731169509119 12426.0 0
1731169509140 12484.0 0
1731169509164 12537.0 0
1731169509185 12591.0 0
1731169509209 12635.0 0
1731169509232 12686.0 0
1731169509261 12742.0 0
1731169509285 12801.0 0
1731169509321 12851.0 0
1731169509348 12906.0 0
1731169509373 12956.0 0
1731169509397 13011.0 0
1731169509420 13066.0 0
1731169509444 13115.0 0
1731169509469 13164.0 0
1731169509493 13212.0 0
1731169509519 13265.0 0
1731169509550 13312.0 0
1731169509575 13362.0 0
1731169509599 13416.0 0
1731169509622 13470.0 0
1731169509640 13522.0 0
1731169509689 13572.0 0
1731169509715 13626.0 0
1731169509740 13685.0 0
1731169509763 13738.0 0
1731169509791 13787.0 0
1731169509820 13842.0 0
1731169509837 13894.0 0
1731169509865 13944.0 0
1731169509889 14001.0 0
1731169509911 14059.0 0
1731169509944 14106.0 0
1731169509969 14157.0 0
1731169509991 14211.0 0
1731169510027 14262.0 0
1731169510052 14314.0 0
1731169510075 14369.0 0
1731169510098 14421.0 0
1731169510131 14471.0 0
1731169510156 14526.0 0
1731169510176 14583.0 0
1731169510267 14635.0 0
1731169510309 14691.0 0
1731169510339 14744.0 0
1731169510363 14801.0 0
1731169510394 14857.0 0
1731169510425 14911.0 0
1731169510449 14969.0 0
1731169510531 15025.0 0
1731169510559 15076.0 0
1731169510584 15132.0 0
1731169510608 15189.0 0
1731169510634 15242.0 0
1731169510654 15299.0 0
1731169510674 15348.0 0
1731169510697 15401.0 0
1731169510729 15459.0 0
1731169510760 15509.0 0
1731169510794 15564.0 0
1731169510822 15622.0 0
1731169510898 15675.0 0
1731169510920 15725.0 0
1731169510945 15774.0 0
1731169510969 15829.0 0
1731169510992 15883.0 0
1731169511010 15937.0 0
1731169511062 15991.0 0
1731169511095 16045.0 0
1731169511122 16099.0 0
1731169511149 16156.0 0
1731169511183 16214.0 0
1731169511209 16270.0 0
1731169511237 16322.0 0
1731169511265 16376.0 0
1731169511287 16425.0 0
1731169511313 16477.0 0
1731169511344 16529.0 0
1731169511374 16579.0 0
1731169511401 16628.0 0
1731169511439 16680.0 0
1731169511469 16732.0 0
1731169511519 16791.0 0
1731169511563 16845.0 0
1731169511591 16893.0 0
1731169511635 16940.0 0
1731169511661 16989.0 0
1731169511702 17036.0 0
1731169511727 17090.0 0
1731169511759 17145.0 0
1731169511789 17200.0 0
1731169511809 17252.0 0
1731169511898 17310.0 0
1731169511935 17364.0 0
1731169511963 17419.0 0
1731169511985 17476.0 0
1731169512030 17526.0 0
1731169512078 17581.0 0
1731169512119 17636.0 0
1731169512159 17693.0 0
1731169512186 17745.0 0
1731169512220 17800.0 0
1731169512252 17858.0 0
1731169512299 17908.0 0
1731169512331 17961.0 0
1731169512354 18011.0 0
1731169512378 18068.0 0
1731169512575 18124.0 0
1731169512665 18180.0 0
1731169512684 18234.0 0
1731169512706 18292.0 0
1731169512738 18348.0 0
1731169512773 18401.0 0
1731169512832 18450.0 0
1731169512929 18509.0 0
1731169512981 18556.0 0
1731169513008 18609.0 0
1731169513035 18666.0 0
1731169513055 18717.0 0
1731169513081 18772.0 0
1731169513109 18827.0 0
1731169513156 18883.0 0
1731169513236 18935.0 0
1731169513271 18990.0 0
1731169513296 19040.0 0
1731169513319 19094.0 0
1731169513357 19145.0 0
1731169513412 19201.0 0
1731169513489 19255.0 0
1731169513525 19311.0 0
1731169513557 19366.0 0
1731169513585 19422.0 0
1731169513611 19473.0 0
1731169513639 19528.0 0
1731169513668 19584.0 0
1731169513726 19637.0 0
1731169513750 19692.0 0
1731169513771 19743.0 0
1731169513794 19803.0 0
1731169513818 19851.0 0
1731169513839 19907.0 0
1731169513861 19966.0 0
1731169513883 20017.0 0
1731169513904 20068.0 0
1731169513928 20121.0 0
1731169513953 20173.0 0
1731169513974 20226.0 0
1731169513997 20279.0 0
1731169514017 20332.0 0
1731169514040 20387.0 0
1731169514061 20433.0 0
1731169514084 20486.0 0
1731169514110 20540.0 0
1731169514130 20597.0 0
1731169514151 20651.0 0
1731169514176 20705.0 0
1731169514206 20761.0 0
1731169514229 20817.0 0
1731169514252 20869.0 0
1731169514275 20930.0 0
1731169514299 20987.0 0
1731169514322 21038.0 0
1731169514350 21096.0 0
1731169514378 21146.0 0
1731169514404 21198.0 0
1731169514430 21253.0 0
1731169514459 21307.0 0
1731169514497 21358.0 0
1731169514557 21408.0 0
1731169514578 21461.0 0
1731169514601 21515.0 0
1731169514624 21566.0 0
1731169514647 21621.0 0
1731169514668 21678.0 0
1731169514688 21733.0 0
1731169514718 21785.0 0
1731169514750 21841.0 0
1731169514779 21895.0 0
1731169514829 21950.0 0
1731169514890 22006.0 0
1731169514920 22065.0 0
1731169514963 22114.0 0
1731169514991 22170.0 0
1731169515014 22222.0 0
1731169515039 22266.0 0
1731169515063 22313.0 0
1731169515089 22369.0 0
1731169515114 22419.0 0
1731169515295 22470.0 0
1731169515335 22522.0 0
1731169515366 22576.0 0
1731169515392 22628.0 0
1731169515427 22684.0 0
1731169515456 22741.0 0
1731169515481 22797.0 0
1731169515517 22846.0 0
1731169515543 22906.0 0
1731169515576 22959.0 0
1731169515608 23014.0 0
1731169515644 23072.0 0
1731169515676 23126.0 0
1731169515711 23180.0 0
1731169515835 23234.0 0
1731169515961 23292.0 0
1731169516001 23346.0 0
1731169516024 23398.0 0
1731169516042 23449.0 0
1731169516066 23502.0 0
1731169516095 23554.0 0
1731169516156 23606.0 0
1731169516255 23661.0 0
1731169516291 23706.0 0
1731169516321 23763.0 0
1731169516348 23814.0 0
1731169516368 23870.0 0
1731169516393 23921.0 0
1731169516418 23975.0 0
1731169516445 24035.0 0
1731169516479 24093.0 0
1731169516512 24145.0 0
1731169516538 24202.0 0
1731169516561 24257.0 0
1731169516583 24312.0 0
1731169516612 24364.0 0
1731169516649 24421.0 0
1731169516688 24472.0 0
1731169516730 24528.0 0
1731169516808 24584.0 0
1731169516839 24633.0 0
1731169516869 24688.0 0
1731169516893 24737.0 0
1731169516913 24787.0 0
1731169516947 24844.0 0
1731169516973 24902.0 0
1731169516997 24958.0 0
1731169517056 25014.0 0
1731169517078 25070.0 0
1731169517110 25128.0 0
1731169517143 25181.0 0
1731169517188 25235.0 0
1731169517224 25291.0 0
1731169517248 25341.0 0
1731169517279 25395.0 0
1731169517309 25447.0 0
1731169517341 25502.0 0
1731169517424 25555.0 0
1731169517461 25611.0 0
1731169517489 25663.0 0
1731169517519 25716.0 0
1731169517547 25769.0 0
1731169517597 25819.0 0
1731169517632 25877.0 0
1731169517658 25926.0 0
1731169517700 25982.0 0
1731169517735 26038.0 0
1731169517768 26095.0 0
1731169517809 26145.0 0
1731169517835 26195.0 0
1731169517862 26251.0 0
1731169517884 26305.0 0
1731169517911 26357.0 0
1731169517945 26407.0 0
1731169517970 26464.0 0
1731169517992 26520.0 0
1731169518016 26569.0 0
1731169518051 26617.0 0
1731169518083 26671.0 0
1731169518120 26722.0 0
1731169518159 26773.0 0
1731169518203 26829.0 0
1731169518247 26883.0 0
1731169518291 26937.0 0
1731169518334 26990.0 0
1731169518358 27050.0 0
1731169518387 27102.0 0
1731169518416 27154.0 0
1731169518447 27210.0 0
1731169518474 27257.0 0
1731169518497 27307.0 0
1731169518528 27363.0 0
1731169518559 27419.0 0
1731169518588 27471.0 0
1731169518622 27526.0 0
1731169518647 27577.0 0
1731169518675 27627.0 0
1731169518723 27683.0 0
1731169518769 27738.0 0
1731169518831 27793.0 0
1731169518868 27850.0 0
1731169518896 27907.0 0
1731169518920 27963.0 0
1731169518946 28019.0 0
1731169518975 28073.0 0
1731169518999 28127.0 0
1731169519024 28182.0 0
1731169519059 28237.0 0
1731169519088 28291.0 0
1731169519116 28347.0 0
1731169519152 28399.0 0
1731169519180 28456.0 0
1731169519208 28515.0 0
1731169519235 28569.0 0
1731169519266 28619.0 0
1731169519293 28673.0 0
1731169519325 28727.0 0
1731169519354 28779.0 0
1731169519384 28834.0 0
1731169519409 28890.0 0
1731169519438 28945.0 0
1731169519497 29000.0 0
1731169519571 29052.0 0
1731169519605 29110.0 0
1731169519634 29164.0 0
1731169519667 29217.0 0
1731169519700 29274.0 0
1731169519730 29327.0 0
1731169519755 29380.0 0
1731169519779 29430.0 0
1731169519802 29484.0 0
1731169519827 29543.0 0
1731169519851 29599.0 0
1731169519881 29657.0 0
1731169519909 29709.0 0
1731169519933 29757.0 0
1731169519956 29817.0 0
1731169519982 29867.0 0
1731169520012 29917.0 0
1731169520049 29970.0 0
1731169520085 30018.0 0
1731169520164 30073.0 0
1731169520214 30126.0 0
1731169520245 30179.0 0
1731169520262 30231.0 0
1731169520284 30284.0 0
1731169520312 30335.0 0
1731169520336 30387.0 0
1731169520365 30440.0 0
1731169520396 30490.0 0
1731169520426 30543.0 0
1731169520463 30595.0 0
1731169520482 30650.0 0
1731169520571 30703.0 0
1731169520712 30758.0 0
1731169520791 30810.0 0
1731169520882 30871.0 0
1731169521041 30925.0 0
1731169521155 30974.0 0
1731169521297 31024.0 0
1731169521356 31078.0 0
1731169521450 31134.0 0
1731169521493 31186.0 0
1731169521533 31235.0 0
1731169521574 31288.0 0
1731169521644 31344.0 0
1731169521672 31399.0 0
1731169521801 31452.0 0
1731169521896 31503.0 0
1731169521983 31555.0 0
1731169522046 31608.0 0
1731169522107 31656.0 0
1731169522144 31707.0 0
1731169522228 31760.0 0
1731169522294 31814.0 0
1731169522414 31872.0 0
1731169522467 31929.0 0
1731169522528 31981.0 0
1731169522584 32034.0 0
1731169522796 32089.0 0
1731169522923 32148.0 0
1731169523047 32198.0 0
1731169523110 32249.0 0
1731169523205 32306.0 0
1731169523264 32363.0 0
1731169523372 32419.0 0
1731169523422 32469.0 0
1731169523503 32528.0 0
1731169523558 32585.0 0
1731169523604 32640.0 0
1731169523644 32697.0 0
1731169523675 32754.0 0
1731169523701 32805.0 0
1731169523733 32862.0 0
1731169523765 32913.0 0
1731169523792 32963.0 0
1731169523817 33019.0 0
1731169523844 33076.0 0
1731169523878 33133.0 0
1731169523914 33186.0 0
1731169523951 33241.0 0
1731169523975 33293.0 0
1731169524000 33348.0 0
1731169524025 33400.0 0
1731169524045 33456.0 0
1731169524069 33509.0 0
1731169524096 33556.0 0
1731169524126 33609.0 0
1731169524158 33660.0 0
1731169524188 33716.0 0
1731169524215 33773.0 0
1731169524239 33829.0 0
1731169524264 33880.0 0
1731169524286 33928.0 0
1731169524314 33980.0 0
1731169524338 34037.0 0
1731169524370 34091.0 0
1731169524403 34145.0 0
1731169524429 34202.0 0
1731169524486 34262.0 0
1731169524508 34315.0 0
1731169524528 34367.0 0
1731169524551 34420.0 0
1731169524572 34476.0 0
1731169524594 34536.0 0
1731169524619 34590.0 0
1731169524652 34641.0 0
1731169524676 34695.0 0
1731169524703 34750.0 0
1731169524725 34799.0 0
1731169524745 34850.0 0
1731169524767 34904.0 0
1731169524790 34956.0 0
1731169524813 35007.0 0
1731169524835 35062.0 0
1731169524863 35114.0 0
1731169524888 35168.0 0
1731169524915 35220.0 0
1731169524951 35278.0 0
1731169524978 35332.0 0
1731169525010 35387.0 0
1731169525039 35442.0 0
1731169525070 35494.0 0
1731169525105 35545.0 0
1731169525137 35599.0 0
1731169525165 35654.0 0
1731169525189 35709.0 0
1731169525214 35763.0 0
1731169525236 35819.0 0
1731169525259 35874.0 0
1731169525281 35931.0 0
1731169525302 35981.0 0
1731169525325 36036.0 0
1731169525353 36092.0 0
1731169525385 36142.0 0
1731169525412 36190.0 0
1731169525450 36243.0 0
1731169525505 36300.0 0
1731169525538 36357.0 0
1731169525574 36411.0 0
1731169525599 36465.0 0
1731169525633 36520.0 0
1731169525663 36576.0 0
1731169525695 36633.0 0
1731169525729 36685.0 0
1731169525755 36736.0 0
1731169525781 36779.0 0
1731169525811 36832.0 0
1731169525836 36885.0 0
1731169525864 36935.0 0
1731169525887 36993.0 0
1731169525926 37049.0 0
1731169525958 37098.0 0
1731169526012 37152.0 0
1731169526072 37208.0 0
1731169526100 37258.0 0
1731169526140 37312.0 0
1731169526180 37361.0 0
1731169526214 37420.0 0
1731169526244 37476.0 0
1731169526271 37529.0 0
1731169526300 37580.0 0
1731169526331 37638.0 0
1731169526354 37684.0 0
1731169526427 37739.0 0
1731169526451 37793.0 0
1731169526483 37845.0 0
1731169526522 37896.0 0
1731169526570 37953.0 0
1731169526598 38014.0 0
1731169526626 38063.0 0
1731169526656 38117.0 0
1731169526696 38171.0 0
1731169526731 38223.0 0
1731169526760 38282.0 0
1731169526788 38337.0 0
1731169526822 38391.0 0
1731169526850 38444.0 0
1731169526876 38502.0 0
1731169526902 38558.0 0
1731169526923 38613.0 0
1731169526946 38670.0 0
1731169526976 38722.0 0
1731169527043 38777.0 0
1731169527087 38834.0 0
1731169527110 38886.0 0
1731169527139 38938.0 0
1731169527165 38995.0 0
1731169527192 39047.0 0
1731169527223 39101.0 0
1731169527299 39156.0 0
1731169527341 39203.0 0
1731169527396 39256.0 0
1731169527430 39313.0 0
1731169527465 39366.0 0
1731169527492 39422.0 0
1731169527522 39472.0 0
1731169527553 39529.0 0
1731169527581 39585.0 0
1731169527789 39638.0 0
1731169527849 39686.0 0
1731169527890 39739.0 0
1731169527915 39795.0 0
1731169527942 39845.0 0
1731169527967 39898.0 0
1731169527990 39953.0 0
1731169528011 40006.0 0
1731169528036 40061.0 0
1731169528059 40115.0 0
1731169528084 40168.0 0
1731169528242 40221.0 0
1731169528325 40274.0 0
1731169528348 40328.0 0
1731169528370 40375.0 0
1731169528413 40427.0 0
1731169528479 40482.0 0
1731169528532 40536.0 0
1731169528579 40586.0 0
1731169528605 40642.0 0
1731169528671 40696.0 0
1731169528719 40750.0 0
1731169528761 40800.0 0
1731169528806 40854.0 0
1731169528833 40908.0 0
1731169528872 40966.0 0
1731169528929 41021.0 0
1731169528965 41076.0 0
1731169528984 41130.0 0
1731169529017 41185.0 0
1731169529046 41237.0 0
1731169529067 41295.0 0
1731169529093 41351.0 0
1731169529116 41404.0 0
1731169529145 41460.0 0
1731169529177 41515.0 0
1731169529202 41572.0 0
1731169529235 41625.0 0
1731169529263 41680.0 0
1731169529287 41732.0 0
1731169529321 41789.0 0
1731169529346 41842.0 0
1731169529369 41894.0 0
1731169529392 41944.0 0
1731169529435 41997.0 0
1731169529465 42053.0 0
1731169529504 42105.0 0
1731169529540 42155.0 0
1731169529579 42209.0 0
1731169529610 42261.0 0
1731169529636 42316.0 0
1731169529662 42363.0 0
1731169529686 42417.0 0
1731169529713 42472.0 0
1731169529746 42529.0 0
1731169529807 42584.0 0
1731169529834 42639.0 0
1731169529860 42699.0 0
1731169529892 42754.0 0
1731169529913 42811.0 0
1731169529935 42868.0 0
1731169529964 42926.0 0
1731169529998 42981.0 0
1731169530016 43036.0 0
1731169530049 43093.0 0
1731169530068 43148.0 0
1731169530094 43200.0 0
1731169530115 43252.0 0
1731169530141 43308.0 0
1731169530165 43364.0 0
1731169530194 43416.0 0
1731169530217 43473.0 0
1731169530265 43525.0 0
1731169530308 43577.0 0
1731169530347 43635.0 0
1731169530383 43689.0 0
1731169530423 43737.0 0
1731169530464 43791.0 0
1731169530486 43845.0 0
1731169530508 43897.0 0
1731169530527 43949.0 0
1731169530556 44005.0 0
1731169530574 44060.0 0
1731169530604 44113.0 0
1731169530634 44167.0 0
1731169530685 44224.0 0
1731169530717 44280.0 0
1731169530749 44333.0 0
1731169530772 44387.0 0
1731169530797 44441.0 0
1731169530822 44490.0 0
1731169530839 44546.0 0
1731169530866 44599.0 0
1731169530904 44653.0 0
1731169530946 44712.0 0
1731169530982 44771.0 0
1731169531009 44824.0 0
1731169531034 44880.0 0
1731169531062 44932.0 0
1731169531094 44987.0 0
1731169531129 45042.0 0
1731169531167 45095.0 0
1731169531205 45149.0 0
1731169531231 45202.0 0
1731169531251 45252.0 0
1731169531282 45305.0 0
1731169531308 45360.0 0
1731169531334 45412.0 0
1731169531364 45469.0 0
1731169531409 45529.0 0
1731169531467 45582.0 0
1731169531492 45639.0 0
1731169531516 45695.0 0
1731169531541 45751.0 0
1731169531568 45803.0 0
1731169531592 45859.0 0
1731169531645 45915.0 0
1731169531668 45971.0 0
1731169531691 46029.0 0
1731169531714 46085.0 0
1731169531745 46140.0 0
1731169531771 46193.0 0
1731169531802 46247.0 0
1731169531829 46300.0 0
1731169531862 46353.0 0
1731169531890 46407.0 0
1731169531915 46459.0 0
1731169531943 46516.0 0
1731169531984 46570.0 0
1731169532144 46624.0 0
1731169532194 46681.0 0
1731169532219 46738.0 0
1731169532251 46794.0 0
1731169532286 46848.0 0
1731169532318 46903.0 0
1731169532352 46960.0 0
1731169532380 47016.0 0
1731169532406 47072.0 0
1731169532442 47126.0 0
1731169532470 47183.0 0
1731169532496 47242.0 0
1731169532527 47296.0 0
1731169532560 47348.0 0
1731169532709 47401.0 0
1731169532779 47451.0 0
1731169532804 47503.0 0
1731169532838 47557.0 0
1731169532870 47609.0 0
1731169532901 47664.0 0
1731169532938 47716.0 0
1731169532984 47770.0 0
1731169533037 47826.0 0
1731169533096 47885.0 0
1731169533153 47939.0 0
1731169533235 47994.0 0
1731169533257 48050.0 0
1731169533284 48106.0 0
1731169533306 48163.0 0
1731169533330 48216.0 0
1731169533353 48269.0 0
1731169533383 48322.0 0
1731169533416 48380.0 0
1731169533447 48435.0 0
1731169533476 48492.0 0
1731169533509 48549.0 0
1731169533560 48606.0 0
1731169533579 48658.0 0
1731169533610 48714.0 0
1731169533646 48771.0 0
1731169533688 48826.0 0
1731169533714 48881.0 0
1731169533740 48936.0 0
1731169533764 48992.0 0
1731169533790 49050.0 0
1731169533817 49101.0 0
1731169533870 49154.0 0
1731169533935 49205.0 0
1731169534014 49258.0 0
1731169534089 49315.0 0
1731169534115 49365.0 0
1731169534137 49418.0 0
1731169534162 49471.0 0
1731169534185 49524.0 0
1731169534213 49578.0 0
1731169534242 49634.0 0
1731169534293 49693.0 0
1731169534332 49713.0 0
1731169534392 56.0 1
1731169534425 109.0 1
1731169534471 167.0 1
1731169534498 218.0 1
1731169534536 275.0 1
1731169534566 328.0 1
1731169534649 383.0 1
1731169534711 441.0 1
1731169534756 496.0 1
1731169534804 550.0 1
1731169534856 605.0 1
1731169534936 658.0 1
1731169535016 716.0 1
1731169535062 772.0 1
1731169535089 832.0 1
1731169535148 893.0 1
1731169535229 948.0 1
1731169535253 997.0 1
1731169535313 1048.0 1
1731169535380 1104.0 1
1731169535476 1154.0 1
1731169535570 1209.0 1
1731169535709 1265.0 1
1731169535756 1315.0 1
1731169535799 1367.0 1
1731169535828 1420.0 1
1731169535891 1474.0 1
1731169535959 1523.0 1
1731169536019 1575.0 1
1731169536061 1629.0 1
1731169536100 1684.0 1
1731169536136 1741.0 1
1731169536166 1797.0 1
1731169536204 1854.0 1
1731169536298 1913.0 1
1731169536355 1965.0 1
1731169536381 2022.0 1
1731169536405 2078.0 1
1731169536423 2133.0 1
1731169536445 2190.0 1
1731169536471 2246.0 1
1731169536504 2307.0 1
1731169536531 2361.0 1
1731169536575 2421.0 1
1731169536618 2477.0 1
1731169536649 2533.0 1
1731169536674 2591.0 1
1731169536703 2644.0 1
1731169536731 2700.0 1
1731169536762 2758.0 1
1731169536793 2813.0 1
1731169536826 2867.0 1
1731169536910 2924.0 1
1731169536939 2979.0 1
1731169536978 3030.0 1
1731169537011 3084.0 1
1731169537040 3137.0 1
1731169537074 3195.0 1
1731169537099 3249.0 1
1731169537143 3308.0 1
1731169537177 3366.0 1
1731169537212 3419.0 1
1731169537243 3475.0 1
1731169537277 3530.0 1
1731169537312 3590.0 1
1731169537344 3641.0 1
1731169537371 3698.0 1
1731169537394 3756.0 1
1731169537418 3808.0 1
1731169537449 3863.0 1
1731169537474 3917.0 1
1731169537515 3973.0 1
1731169537548 4028.0 1
1731169537593 4081.0 1
1731169537646 4133.0 1
1731169537817 4188.0 1
1731169537885 4239.0 1
1731169537907 4288.0 1
1731169537932 4339.0 1
1731169537955 4395.0 1
1731169537986 4453.0 1
1731169538008 4507.0 1
1731169538034 4561.0 1
1731169538057 4616.0 1
1731169538092 4674.0 1
1731169538131 4728.0 1
1731169538164 4781.0 1
1731169538196 4831.0 1
1731169538236 4885.0 1
1731169538256 4940.0 1
1731169538277 4995.0 1
1731169538304 5046.0 1
1731169538329 5101.0 1
1731169538364 5155.0 1
1731169538395 5211.0 1
1731169538421 5268.0 1
1731169538450 5323.0 1
1731169538477 5380.0 1
1731169538502 5438.0 1
1731169538528 5490.0 1
1731169538557 5540.0 1
1731169538582 5597.0 1
1731169538610 5648.0 1
1731169538642 5704.0 1
1731169538670 5760.0 1
1731169538692 5811.0 1
1731169538717 5870.0 1
1731169538752 5925.0 1
1731169538779 5982.0 1
1731169538814 6040.0 1
1731169538849 6099.0 1
1731169538891 6153.0 1
1731169538931 6207.0 1
1731169538966 6260.0 1
1731169538996 6313.0 1
1731169539021 6367.0 1
1731169539043 6420.0 1
1731169539066 6478.0 1
1731169539089 6537.0 1
1731169539121 6591.0 1
1731169539153 6644.0 1
1731169539180 6697.0 1
1731169539212 6751.0 1
1731169539253 6804.0 1
1731169539284 6855.0 1
1731169539321 6904.0 1
1731169539349 6957.0 1
1731169539381 7009.0 1
1731169539405 7064.0 1
1731169539434 7121.0 1
1731169539460 7174.0 1
1731169539492 7230.0 1
1731169539550 7285.0 1
1731169539585 7345.0 1
1731169539672 7401.0 1
1731169539708 7454.0 1
1731169539745 7512.0 1
1731169539775 7565.0 1
1731169539808 7619.0 1
1731169539845 7673.0 1
1731169539871 7728.0 1
1731169539899 7786.0 1
1731169539925 7840.0 1
1731169539975 7896.0 1
1731169540006 7950.0 1
1731169540030 8006.0 1
1731169540055 8061.0 1
1731169540090 8115.0 1
1731169540124 8167.0 1
1731169540158 8223.0 1
1731169540195 8279.0 1
1731169540226 8331.0 1
1731169540253 8383.0 1
1731169540279 8442.0 1
1731169540302 8498.0 1
1731169540329 8552.0 1
1731169540356 8607.0 1
1731169540389 8664.0 1
1731169540417 8721.0 1
1731169540448 8779.0 1
1731169540475 8833.0 1
1731169540498 8885.0 1
1731169540520 8942.0 1
1731169540552 8994.0 1
1731169540616 9052.0 1
1731169540645 9102.0 1
1731169540676 9156.0 1
1731169540705 9208.0 1
1731169540735 9262.0 1
1731169540759 9316.0 1
1731169540782 9369.0 1
1731169540814 9427.0 1
1731169540843 9480.0 1
1731169540864 9535.0 1
1731169540889 9589.0 1
1731169540910 9641.0 1
1731169540934 9700.0 1
1731169540955 9755.0 1
1731169540976 9811.0 1
1731169541010 9870.0 1
1731169541049 9924.0 1
1731169541079 9979.0 1
1731169541107 10028.0 1
1731169541137 10082.0 1
1731169541166 10134.0 1
1731169541192 10185.0 1
1731169541217 10238.0 1
1731169541249 10291.0 1
1731169541274 10337.0 1
1731169541306 10392.0 1
1731169541333 10445.0 1
1731169541360 10504.0 1
1731169541381 10557.0 1
1731169541402 10610.0 1
1731169541426 10665.0 1
1731169541453 10719.0 1
1731169541477 10768.0 1
1731169541505 10822.0 1
1731169541542 10875.0 1
1731169541576 10930.0 1
1731169541608 10983.0 1
1731169541633 11041.0 1
1731169541659 11092.0 1
1731169541693 11146.0 1
1731169541719 11198.0 1
1731169541743 11253.0 1
1731169541765 11308.0 1
1731169541789 11365.0 1
1731169541810 11423.0 1
1731169541829 11474.0 1
1731169541854 11528.0 1
1731169541893 11578.0 1
1731169541921 11631.0 1
1731169541951 11688.0 1
1731169541978 11740.0 1
1731169541998 11801.0 1
1731169542021 11854.0 1
1731169542045 11908.0 1
1731169542068 11963.0 1
1731169542089 12013.0 1
1731169542111 12067.0 1
1731169542133 12123.0 1
1731169542168 12178.0 1
1731169542200 12231.0 1
1731169542229 12287.0 1
1731169542254 12339.0 1
1731169542275 12388.0 1
1731169542299 12441.0 1
1731169542318 12493.0 1
1731169542344 12552.0 1
1731169542363 12604.0 1
1731169542386 12660.0 1
1731169542407 12719.0 1
1731169542432 12771.0 1
1731169542456 12823.0 1
1731169542479 12881.0 1
1731169542502 12938.0 1
1731169542526 12995.0 1
1731169542558 13050.0 1
1731169542582 13098.0 1
1731169542635 13155.0 1
1731169542664 13208.0 1
1731169542692 13266.0 1
1731169542725 13320.0 1
1731169542750 13373.0 1
1731169542778 13425.0 1
1731169542813 13482.0 1
1731169542879 13539.0 1
1731169542923 13594.0 1
1731169542949 13649.0 1
1731169542976 13708.0 1
1731169542999 13765.0 1
1731169543027 13822.0 1
1731169543053 13874.0 1
1731169543085 13932.0 1
1731169543109 13990.0 1
1731169543159 14045.0 1
1731169543273 14100.0 1
1731169543340 14154.0 1
1731169543396 14212.0 1
1731169543436 14260.0 1
1731169543483 14314.0 1
1731169543517 14368.0 1
1731169543562 14424.0 1
1731169543593 14479.0 1
1731169543623 14536.0 1
1731169543652 14591.0 1
1731169543678 14640.0 1
1731169543703 14689.0 1
1731169543732 14749.0 1
1731169543757 14806.0 1
1731169543783 14864.0 1
1731169543806 14915.0 1
1731169543832 14971.0 1
1731169543880 15029.0 1
1731169543904 15087.0 1
1731169543931 15144.0 1
1731169543957 15197.0 1
1731169543983 15250.0 1
1731169544008 15308.0 1
1731169544034 15361.0 1
1731169544067 15416.0 1
1731169544100 15468.0 1
1731169544126 15522.0 1
1731169544150 15582.0 1
1731169544174 15638.0 1
1731169544196 15694.0 1
1731169544217 15752.0 1
1731169544243 15803.0 1
1731169544267 15854.0 1
1731169544298 15910.0 1
1731169544334 15967.0 1
1731169544368 16020.0 1
1731169544400 16071.0 1
1731169544436 16125.0 1
1731169544479 16181.0 1
1731169544513 16238.0 1
1731169544551 16295.0 1
1731169544586 16349.0 1
1731169544634 16406.0 1
1731169544671 16460.0 1
1731169544704 16514.0 1
1731169544733 16571.0 1
1731169544770 16631.0 1
1731169544795 16684.0 1
1731169544830 16743.0 1
1731169544853 16801.0 1
1731169544898 16856.0 1
1731169544936 16906.0 1
1731169544976 16959.0 1
1731169545071 17012.0 1
1731169545099 17064.0 1
1731169545131 17113.0 1
1731169545171 17166.0 1
1731169545207 17220.0 1
1731169545234 17271.0 1
1731169545254 17320.0 1
1731169545277 17375.0 1
1731169545300 17428.0 1
1731169545322 17483.0 1
1731169545345 17536.0 1
1731169545376 17592.0 1
1731169545403 17642.0 1
1731169545432 17697.0 1
1731169545460 17754.0 1
1731169545485 17811.0 1
1731169545516 17864.0 1
1731169545547 17917.0 1
1731169545578 17970.0 1
1731169545603 18025.0 1
1731169545637 18081.0 1
1731169545664 18143.0 1
1731169545694 18196.0 1
1731169545735 18249.0 1
1731169545768 18303.0 1
1731169545803 18357.0 1
1731169545825 18409.0 1
1731169545853 18466.0 1
1731169545880 18518.0 1
1731169545907 18570.0 1
1731169545934 18626.0 1
1731169545961 18683.0 1
1731169545986 18740.0 1
1731169546017 18799.0 1
1731169546041 18851.0 1
1731169546072 18905.0 1
1731169546097 18961.0 1
1731169546124 19016.0 1
1731169546153 19074.0 1
1731169546176 19129.0 1
1731169546199 19183.0 1
1731169546234 19237.0 1
1731169546264 19290.0 1
1731169546295 19347.0 1
1731169546327 19404.0 1
1731169546358 19463.0 1
1731169546397 19521.0 1
1731169546436 19574.0 1
1731169546471 19620.0 1
1731169546505 19679.0 1
1731169546530 19730.0 1
1731169546560 19785.0 1
1731169546587 19838.0 1
1731169546622 19895.0 1
1731169546652 19943.0 1
1731169546687 19999.0 1
1731169546721 20052.0 1
1731169546754 20104.0 1
1731169546789 20154.0 1
1731169546821 20215.0 1
1731169546855 20271.0 1
1731169546883 20327.0 1
1731169546906 20383.0 1
1731169546932 20437.0 1
1731169546957 20495.0 1
1731169546980 20549.0 1
1731169547006 20607.0 1
1731169547032 20662.0 1
1731169547062 20717.0 1
1731169547088 20770.0 1
1731169547112 20824.0 1
1731169547149 20882.0 1
1731169547183 20937.0 1
1731169547218 20993.0 1
1731169547251 21048.0 1
1731169547273 21100.0 1
1731169547297 21151.0 1
1731169547320 21209.0 1
1731169547343 21260.0 1
1731169547366 21318.0 1
1731169547395 21373.0 1
1731169547425 21426.0 1
1731169547454 21480.0 1
1731169547482 21532.0 1
1731169547506 21589.0 1
1731169547529 21643.0 1
1731169547559 21704.0 1
1731169547592 21756.0 1
1731169547624 21806.0 1
1731169547670 21861.0 1
1731169547753 21916.0 1
1731169547891 21973.0 1
1731169547926 22028.0 1
1731169548012 22080.0 1
1731169548089 22138.0 1
1731169548154 22189.0 1
1731169548192 22249.0 1
1731169548222 22305.0 1
1731169548245 22359.0 1
1731169548313 22416.0 1
1731169548343 22471.0 1
1731169548363 22525.0 1
1731169548395 22576.0 1
1731169548425 22631.0 1
1731169548453 22687.0 1
1731169548484 22739.0 1
1731169548505 22793.0 1
1731169548525 22852.0 1
1731169548586 22906.0 1
1731169548623 22961.0 1
1731169548652 23020.0 1
1731169548686 23075.0 1
1731169548761 23131.0 1
1731169548810 23189.0 1
1731169548851 23243.0 1
1731169548893 23299.0 1
1731169548915 23354.0 1
1731169548939 23410.0 1
1731169548974 23468.0 1
1731169549004 23522.0 1
1731169549037 23576.0 1
1731169549067 23635.0 1
1731169549091 23681.0 1
1731169549120 23741.0 1
1731169549162 23798.0 1
1731169549198 23853.0 1
1731169549227 23908.0 1
1731169549251 23966.0 1
1731169549274 24028.0 1
1731169549298 24085.0 1
1731169549324 24141.0 1
1731169549347 24196.0 1
1731169549370 24256.0 1
1731169549393 24310.0 1
1731169549414 24363.0 1
1731169549435 24417.0 1
1731169549456 24470.0 1
1731169549478 24522.0 1
1731169549499 24580.0 1
1731169549521 24632.0 1
1731169549543 24691.0 1
1731169549568 24744.0 1
1731169549597 24799.0 1
1731169549624 24852.0 1
1731169549663 24908.0 1
1731169549695 24961.0 1
1731169549721 25017.0 1
1731169549757 25071.0 1
1731169549785 25125.0 1
1731169549816 25180.0 1
1731169549850 25235.0 1
1731169549883 25286.0 1
1731169549923 25337.0 1
1731169549954 25392.0 1
1731169549984 25450.0 1
1731169550012 25504.0 1
1731169550036 25560.0 1
1731169550058 25617.0 1
1731169550098 25670.0 1
1731169550144 25725.0 1
1731169550182 25781.0 1
1731169550220 25834.0 1
1731169550258 25894.0 1
1731169550294 25944.0 1
1731169550330 26001.0 1
1731169550362 26055.0 1
1731169550395 26107.0 1
1731169550420 26163.0 1
1731169550448 26214.0 1
1731169550479 26270.0 1
1731169550517 26329.0 1
1731169550555 26379.0 1
1731169550599 26435.0 1
1731169550624 26493.0 1
1731169550656 26547.0 1
1731169550688 26605.0 1
1731169550738 26658.0 1
1731169550763 26708.0 1
1731169550786 26764.0 1
1731169550814 26816.0 1
1731169550843 26870.0 1
1731169550872 26927.0 1
1731169550912 26982.0 1
1731169550950 27039.0 1
1731169550984 27092.0 1
1731169551011 27146.0 1
1731169551158 27199.0 1
1731169551242 27256.0 1
1731169551290 27311.0 1
1731169551307 27366.0 1
1731169551326 27421.0 1
1731169551348 27478.0 1
1731169551393 27535.0 1
1731169551428 27586.0 1
1731169551456 27640.0 1
1731169551490 27699.0 1
1731169551517 27752.0 1
1731169551539 27804.0 1
1731169551561 27860.0 1
1731169551616 27911.0 1
1731169551653 27964.0 1
1731169551687 28017.0 1
1731169551726 28075.0 1
1731169551788 28130.0 1
1731169551829 28178.0 1
1731169551863 28235.0 1
1731169551888 28289.0 1
1731169551912 28348.0 1
1731169551942 28404.0 1
1731169551978 28463.0 1
1731169552004 28520.0 1
1731169552034 28580.0 1
1731169552062 28637.0 1
1731169552087 28693.0 1
1731169552126 28750.0 1
1731169552163 28806.0 1
1731169552222 28859.0 1
1731169552266 28914.0 1
1731169552294 28971.0 1
1731169552322 29028.0 1
1731169552350 29084.0 1
1731169552393 29142.0 1
1731169552436 29197.0 1
1731169552469 29251.0 1
1731169552506 29307.0 1
1731169552536 29364.0 1
1731169552563 29420.0 1
1731169552585 29469.0 1
1731169552610 29523.0 1
1731169552647 29580.0 1
1731169552680 29635.0 1
1731169552778 29691.0 1
1731169552822 29746.0 1
1731169552858 29794.0 1
1731169552888 29851.0 1
1731169552919 29901.0 1
1731169552941 29957.0 1
1731169552968 30010.0 1
1731169552990 30063.0 1
1731169553013 30113.0 1
1731169553037 30164.0 1
1731169553056 30219.0 1
1731169553078 30273.0 1
1731169553102 30328.0 1
1731169553127 30388.0 1
1731169553168 30444.0 1
1731169553197 30497.0 1
1731169553222 30550.0 1
1731169553255 30604.0 1
1731169553286 30661.0 1
1731169553318 30715.0 1
1731169553366 30772.0 1
1731169553399 30824.0 1
1731169553427 30882.0 1
1731169553451 30931.0 1
1731169553475 30988.0 1
1731169553503 31039.0 1
1731169553544 31095.0 1
1731169553582 31152.0 1
1731169553620 31206.0 1
1731169553642 31263.0 1
1731169553669 31317.0 1
1731169553691 31369.0 1
1731169553717 31421.0 1
1731169553737 31481.0 1
1731169553774 31535.0 1
1731169553802 31587.0 1
1731169553836 31633.0 1
1731169553872 31688.0 1
1731169553902 31744.0 1
1731169554065 31797.0 1
1731169554102 31853.0 1
1731169554127 31910.0 1
1731169554165 31966.0 1
1731169554203 32020.0 1
1731169554238 32069.0 1
1731169554264 32126.0 1
1731169554289 32183.0 1
1731169554407 32242.0 1
1731169554619 32302.0 1
1731169554675 32355.0 1
1731169554835 32414.0 1
1731169554958 32469.0 1
1731169554979 32524.0 1
1731169555041 32579.0 1
1731169555065 32639.0 1
1731169555122 32691.0 1
1731169555169 32743.0 1
1731169555219 32799.0 1
1731169555261 32855.0 1
1731169555355 32909.0 1
1731169555406 32962.0 1
1731169555452 33019.0 1
1731169555502 33081.0 1
1731169555528 33135.0 1
1731169555586 33191.0 1
1731169555608 33244.0 1
1731169555645 33299.0 1
1731169555679 33354.0 1
1731169555714 33407.0 1
1731169555741 33462.0 1
1731169555766 33516.0 1
1731169555787 33568.0 1
1731169555809 33625.0 1
1731169555836 33678.0 1
1731169555857 33730.0 1
1731169555882 33784.0 1
1731169555907 33837.0 1
1731169555930 33890.0 1
1731169555958 33950.0 1
1731169555986 34004.0 1
1731169556021 34059.0 1
1731169556057 34114.0 1
1731169556144 34167.0 1
1731169556169 34223.0 1
1731169556193 34274.0 1
1731169556218 34329.0 1
1731169556240 34385.0 1
1731169556265 34435.0 1
1731169556296 34487.0 1
1731169556323 34543.0 1
1731169556348 34597.0 1
1731169556378 34652.0 1
1731169556400 34706.0 1
1731169556422 34761.0 1
1731169556448 34814.0 1
1731169556470 34868.0 1
1731169556493 34925.0 1
1731169556521 34977.0 1
1731169556554 35031.0 1
1731169556589 35086.0 1
1731169556620 35145.0 1
1731169556641 35204.0 1
1731169556661 35262.0 1
1731169556716 35315.0 1
1731169556743 35367.0 1
1731169556765 35424.0 1
1731169556798 35476.0 1
1731169556822 35537.0 1
1731169556846 35594.0 1
1731169556868 35650.0 1
1731169556908 35706.0 1
1731169556941 35759.0 1
1731169556973 35814.0 1
1731169557001 35864.0 1
1731169557025 35922.0 1
1731169557056 35978.0 1
1731169557085 36028.0 1
1731169557104 36086.0 1
1731169557128 36142.0 1
1731169557157 36199.0 1
1731169557181 36253.0 1
1731169557210 36307.0 1
1731169557237 36366.0 1
1731169557261 36421.0 1
1731169557285 36474.0 1
1731169557311 36524.0 1
1731169557336 36579.0 1
1731169557361 36632.0 1
1731169557395 36683.0 1
1731169557425 36739.0 1
1731169557455 36797.0 1
1731169557481 36848.0 1
1731169557514 36898.0 1
1731169557556 36954.0 1
1731169557586 37007.0 1
1731169557646 37058.0 1
1731169557672 37113.0 1
1731169557704 37172.0 1
1731169557729 37226.0 1
1731169557752 37280.0 1
1731169557784 37340.0 1
1731169557811 37391.0 1
1731169557835 37447.0 1
1731169557875 37500.0 1
1731169557928 37555.0 1
1731169557964 37615.0 1
1731169557988 37667.0 1
1731169558012 37725.0 1
1731169558075 37779.0 1
1731169558098 37832.0 1
1731169558120 37884.0 1
1731169558147 37939.0 1
1731169558180 37993.0 1
1731169558208 38051.0 1
1731169558257 38100.0 1
1731169558285 38148.0 1
1731169558310 38208.0 1
1731169558331 38266.0 1
1731169558356 38320.0 1
1731169558384 38380.0 1
1731169558412 38434.0 1
1731169558444 38489.0 1
1731169558469 38542.0 1
1731169558492 38590.0 1
1731169558515 38642.0 1
1731169558537 38695.0 1
1731169558567 38749.0 1
1731169558589 38805.0 1
1731169558650 38865.0 1
1731169558674 38921.0 1
1731169558700 38975.0 1
1731169558740 39030.0 1
1731169558765 39091.0 1
1731169558788 39147.0 1
1731169558817 39202.0 1
1731169558844 39259.0 1
1731169558866 39316.0 1
1731169558885 39370.0 1
1731169558908 39429.0 1
1731169558931 39484.0 1
1731169558955 39537.0 1
1731169558978 39592.0 1
1731169558999 39643.0 1
1731169559021 39696.0 1
1731169559048 39749.0 1
1731169559074 39804.0 1
1731169559101 39862.0 1
1731169559125 39915.0 1
1731169559149 39970.0 1
1731169559175 40028.0 1
1731169559195 40085.0 1
1731169559219 40142.0 1
1731169559250 40199.0 1
1731169559274 40260.0 1
1731169559330 40314.0 1
1731169559358 40367.0 1
1731169559385 40423.0 1
1731169559416 40480.0 1
1731169559451 40538.0 1
1731169559484 40593.0 1
1731169559514 40647.0 1
1731169559538 40699.0 1
1731169559562 40752.0 1
1731169559583 40809.0 1
1731169559604 40865.0 1
1731169559632 40922.0 1
1731169559656 40976.0 1
1731169559677 41027.0 1
1731169559698 41079.0 1
1731169559723 41135.0 1
1731169559747 41187.0 1
1731169559775 41239.0 1
1731169559801 41291.0 1
1731169559831 41347.0 1
1731169559867 41402.0 1
1731169559904 41454.0 1
1731169559934 41507.0 1
1731169559973 41564.0 1
1731169559997 41620.0 1
1731169560039 41674.0 1
1731169560063 41727.0 1
1731169560086 41777.0 1
1731169560107 41833.0 1
1731169560136 41892.0 1
1731169560169 41949.0 1
1731169560196 42004.0 1
1731169560228 42056.0 1
1731169560257 42110.0 1
1731169560281 42167.0 1
1731169560308 42217.0 1
1731169560335 42271.0 1
1731169560357 42325.0 1
1731169560381 42376.0 1
1731169560431 42431.0 1
1731169560453 42482.0 1
1731169560483 42535.0 1
1731169560503 42586.0 1
1731169560532 42639.0 1
1731169560570 42691.0 1
1731169560594 42744.0 1
1731169560619 42799.0 1
1731169560676 42856.0 1
1731169560724 42913.0 1
1731169560748 42968.0 1
1731169560774 43022.0 1
1731169560805 43077.0 1
1731169560827 43133.0 1
1731169560852 43189.0 1
1731169560884 43240.0 1
1731169560913 43291.0 1
1731169560937 43345.0 1
1731169560961 43401.0 1
1731169560990 43457.0 1
1731169561019 43515.0 1
1731169561048 43574.0 1
1731169561113 43631.0 1
1731169561144 43689.0 1
1731169561162 43752.0 1
1731169561187 43801.0 1
1731169561256 43857.0 1
1731169561279 43912.0 1
1731169561303 43966.0 1
1731169561329 44026.0 1
1731169561354 44084.0 1
1731169561384 44143.0 1
1731169561424 44198.0 1
1731169561458 44253.0 1
1731169561484 44306.0 1
1731169561514 44357.0 1
1731169561542 44413.0 1
1731169561569 44462.0 1
1731169561595 44518.0 1
1731169561618 44576.0 1
1731169561652 44627.0 1
1731169561681 44682.0 1
1731169561709 44732.0 1
1731169561742 44789.0 1
1731169561768 44840.0 1
1731169561793 44892.0 1
1731169561816 44944.0 1
1731169561849 45000.0 1
1731169561868 45053.0 1
1731169561896 45109.0 1
1731169561930 45162.0 1
1731169561979 45217.0 1
1731169562002 45266.0 1
1731169562031 45320.0 1
1731169562072 45377.0 1
1731169562093 45432.0 1
1731169562114 45489.0 1
1731169562167 45549.0 1
1731169562196 45605.0 1
1731169562221 45663.0 1
1731169562304 45720.0 1
1731169562332 45775.0 1
1731169562361 45829.0 1
1731169562385 45883.0 1
1731169562416 45942.0 1
1731169562434 46002.0 1
1731169562471 46061.0 1
1731169562497 46119.0 1
1731169562524 46178.0 1
1731169562540 46231.0 1
1731169562584 46281.0 1
1731169562608 46336.0 1
1731169562629 46395.0 1
1731169562661 46452.0 1
1731169562692 46503.0 1
1731169562905 46558.0 1
1731169563065 46614.0 1
1731169563156 46665.0 1
1731169563191 46721.0 1
1731169563220 46769.0 1
1731169563250 46827.0 1
1731169563290 46886.0 1
1731169563327 46943.0 1
1731169563379 46999.0 1
1731169563407 47057.0 1
1731169563428 47112.0 1
1731169563452 47171.0 1
1731169563476 47228.0 1
1731169563507 47284.0 1
1731169563530 47338.0 1
1731169563585 47395.0 1
1731169563632 47449.0 1
1731169563670 47505.0 1
1731169563701 47564.0 1
1731169563730 47622.0 1
1731169563757 47681.0 1
1731169563782 47738.0 1
1731169563807 47797.0 1
1731169563845 47857.0 1
1731169563864 47918.0 1
1731169563934 47978.0 1
1731169563982 48033.0 1
1731169564010 48090.0 1
1731169564033 48147.0 1
1731169564057 48206.0 1
1731169564080 48258.0 1
1731169564102 48317.0 1
1731169564122 48378.0 1
1731169564153 48436.0 1
1731169564192 48497.0 1
1731169564261 48556.0 1
1731169564293 48615.0 1
1731169564318 48677.0 1
1731169564341 48727.0 1
1731169564361 48785.0 1
1731169564386 48843.0 1
1731169564429 48900.0 1
1731169564458 48960.0 1
1731169564484 49021.0 1
1731169564509 49082.0 1
1731169564589 49143.0 1
1731169564640 49204.0 1
1731169564668 49260.0 1
1731169564694 49321.0 1
1731169564724 49383.0 1
1731169564752 49442.0 1
1731169564774 49499.0 1
1731169564809 49556.0 1
1731169564845 49612.0 1
1731169564872 49666.0 1
1731169564898 49723.0 1
1731169564920 49784.0 1
1731169564942 49840.0 1
1731169564968 49897.0 1
1731169564988 49952.0 1
1731169565012 50008.0 1
1731169565035 50068.0 1
1731169565063 50126.0 1
1731169565090 50182.0 1
1731169565127 50239.0 1
1731169565150 50295.0 1
1731169565170 50352.0 1
1731169565224 50410.0 1
1731169565256 50463.0 1
1731169565278 50519.0 1
1731169565305 50576.0 1
1731169565332 50635.0 1
1731169565355 50693.0 1
1731169565377 50752.0 1
1731169565399 50811.0 1
1731169565434 50870.0 1
1731169565464 50927.0 1
1731169565484 50983.0 1
1731169565513 51041.0 1
1731169565548 51101.0 1
1731169565572 51163.0 1
1731169565598 51221.0 1
1731169565627 51278.0 1
1731169565664 51338.0 1
1731169565691 51396.0 1
1731169565714 51453.0 1
1731169565740 51511.0 1
1731169565769 51570.0 1
1731169565798 51601.0 1
1731169565834 59.0 2
1731169565857 119.0 2
1731169565880 178.0 2
1731169565917 234.0 2
1731169565953 289.0 2
1731169565992 349.0 2
1731169566014 407.0 2
1731169566042 468.0 2
1731169566067 529.0 2
1731169566093 588.0 2
1731169566117 647.0 2
1731169566148 707.0 2
1731169566179 763.0 2
1731169566224 822.0 2
1731169566251 879.0 2
1731169566280 936.0 2
1731169566300 996.0 2
1731169566338 1058.0 2
1731169566363 1119.0 2
1731169566394 1176.0 2
1731169566422 1234.0 2
1731169566448 1286.0 2
1731169566475 1346.0 2
1731169566502 1407.0 2
1731169566528 1465.0 2
1731169566612 1519.0 2
1731169566642 1578.0 2
1731169566674 1635.0 2
1731169566698 1696.0 2
1731169566726 1757.0 2
1731169566754 1816.0 2
1731169566782 1876.0 2
1731169566808 1936.0 2
1731169566838 1999.0 2
1731169566868 2061.0 2
1731169566894 2120.0 2
1731169566918 2180.0 2
1731169566944 2235.0 2
1731169566967 2296.0 2
1731169566997 2354.0 2
1731169567027 2414.0 2
1731169567107 2473.0 2
1731169567131 2535.0 2
1731169567196 2591.0 2
1731169567244 2649.0 2
1731169567296 2706.0 2
