1731169502188 2.3062939643859863 0
1731169502263 4.5939788818359375 0
1731169502294 6.859875440597534 0
1731169502331 9.07667088508606 0
1731169502372 11.231302738189697 0
1731169502411 13.402426481246948 0
1731169502440 15.52890944480896 0
1731169502487 17.629008293151855 0
1731169502518 19.58923900127411 0
1731169502563 21.61977231502533 0
1731169502589 23.574633359909058 0
1731169502615 25.503323435783386 0
1731169502646 27.394597053527832 0
1731169502672 29.29362916946411 0
1731169502694 31.16127383708954 0
1731169502725 33.00314128398895 0
1731169502759 34.80525290966034 0
1731169502791 36.723822236061096 0
1731169502827 38.51894176006317 0
1731169502868 40.292919397354126 0
1731169502923 42.166980147361755 0
1731169502946 43.97261023521423 0
1731169502971 45.687538385391235 0
1731169502996 47.423824071884155 0
1731169503017 49.15668749809265 0
1731169503040 50.876232743263245 0
1731169503104 52.69670569896698 0
1731169503143 54.380786061286926 0
1731169503167 56.10420370101929 0
1731169503190 57.754748582839966 0
1731169503209 59.470762729644775 0
1731169503229 61.163336515426636 0
1731169503252 62.873674154281616 0
1731169503275 64.54087030887604 0
1731169503300 66.21804440021515 0
1731169503321 67.92417168617249 0
1731169503339 69.66406273841858 0
1731169503360 71.3460077047348 0
1731169503453 73.06290447711945 0
1731169503499 74.72068929672241 0
1731169503532 76.45939660072327 0
1731169503608 78.14891481399536 0
1731169503650 79.84983742237091 0
1731169503691 81.49064791202545 0
1731169503717 83.18236839771271 0
1731169503737 84.90631294250488 0
1731169503760 86.6616975069046 0
1731169503789 88.28011560440063 0
1731169503811 89.98266398906708 0
1731169503836 91.72707617282867 0
1731169503865 93.41273736953735 0
1731169503891 95.08555996417999 0
1731169503922 96.73368692398071 0
1731169503949 98.4800375699997 0
1731169503973 100.0861120223999 0
1731169503995 101.78294372558594 0
1731169504017 103.4275770187378 0
1731169504040 105.04748249053955 0
1731169504066 106.77229130268097 0
1731169504090 108.52105045318604 0
1731169504133 110.2128734588623 0
1731169504159 111.93750834465027 0
1731169504194 113.67774152755737 0
1731169504219 115.30626153945923 0
1731169504252 116.99109899997711 0
1731169504277 118.62613296508789 0
1731169504310 120.31385290622711 0
1731169504333 121.99323987960815 0
1731169504357 123.68986904621124 0
1731169504377 125.40806865692139 0
1731169504399 127.04853892326355 0
1731169504421 128.66165471076965 0
1731169504451 130.34300303459167 0
1731169504474 131.98298251628876 0
1731169504506 133.72083854675293 0
1731169504535 135.34389531612396 0
1731169504570 137.11494421958923 0
1731169504592 138.73562598228455 0
1731169504613 140.3553854227066 0
1731169504636 141.9571487903595 0
1731169504659 143.63576138019562 0
1731169504679 145.31858229637146 0
1731169504704 146.93871808052063 0
1731169504730 148.5848982334137 0
1731169504757 150.25056171417236 0
1731169504791 151.83851218223572 0
1731169504822 153.52561271190643 0
1731169504848 155.1171373128891 0
1731169504874 156.70039236545563 0
1731169504902 158.41789627075195 0
1731169504928 160.02828586101532 0
1731169504949 161.7172384262085 0
1731169504970 163.3334995508194 0
1731169504994 164.97731411457062 0
1731169505014 166.55717754364014 0
1731169505036 168.2829955816269 0
1731169505055 169.9074581861496 0
1731169505073 171.54892420768738 0
1731169505095 173.20092236995697 0
1731169505115 174.90075874328613 0
1731169505133 176.58157467842102 0
1731169505154 178.26355254650116 0
1731169505183 179.99439454078674 0
1731169505214 181.6985410451889 0
1731169505234 183.35244858264923 0
1731169505262 185.08952939510345 0
1731169505286 186.67347311973572 0
1731169505314 188.28808188438416 0
1731169505338 189.96735441684723 0
1731169505364 191.61570286750793 0
1731169505394 193.26352787017822 0
1731169505430 194.90539741516113 0
1731169505452 196.54080247879028 0
1731169505472 198.20229291915894 0
1731169505493 199.73174154758453 0
1731169505518 201.4077126979828 0
1731169505537 203.07997834682465 0
1731169505559 204.76658523082733 0
1731169505591 206.47008788585663 0
1731169505619 208.13325715065002 0
1731169505650 209.81465208530426 0
1731169505686 211.47873532772064 0
1731169505714 213.13509023189545 0
1731169505737 214.8766669034958 0
1731169505764 216.4666132926941 0
1731169505790 218.12316823005676 0
1731169505819 219.76909136772156 0
1731169505847 221.37452805042267 0
1731169505867 222.95772504806519 0
1731169505892 224.64213967323303 0
1731169505923 226.2990401983261 0
1731169505956 227.98968517780304 0
1731169505980 229.67318069934845 0
1731169506008 231.3453130722046 0
1731169506034 232.89371514320374 0
1731169506062 234.54488050937653 0
1731169506095 236.1431690454483 0
1731169506117 237.76502966880798 0
1731169506145 239.374809384346 0
1731169506171 241.01458263397217 0
1731169506196 242.6552493572235 0
1731169506230 244.2741677761078 0
1731169506265 245.91762566566467 0
1731169506296 247.61756503582 0
1731169506324 249.23958122730255 0
1731169506351 250.8894625902176 0
1731169506384 252.48592674732208 0
1731169506413 254.08418774604797 0
1731169506447 255.69266271591187 0
1731169506466 257.38633024692535 0
1731169506487 259.03958094120026 0
1731169506509 260.7038857936859 0
1731169506553 262.3755728006363 0
1731169506596 264.0506076812744 0
1731169506628 265.641232252121 0
1731169506655 267.3356683254242 0
1731169506682 269.0269265174866 0
1731169506707 270.6789079904556 0
1731169506734 272.23130571842194 0
1731169506763 273.8944926261902 0
1731169506788 275.55570352077484 0
1731169506817 277.1459206342697 0
1731169506844 278.81447303295135 0
1731169506872 280.4551327228546 0
1731169506901 282.0359615087509 0
1731169506927 283.70597755908966 0
1731169506957 285.35087645053864 0
1731169506989 287.0704606771469 0
1731169507014 288.62467205524445 0
1731169507043 290.1954584121704 0
1731169507071 291.88144159317017 0
1731169507113 293.503569483757 0
1731169507161 295.07871675491333 0
1731169507198 296.6778002977371 0
1731169507227 298.2838935852051 0
1731169507253 299.91632533073425 0
1731169507280 301.5094425678253 0
1731169507302 303.110657453537 0
1731169507330 304.69859528541565 0
1731169507353 306.39394533634186 0
1731169507372 307.9839618206024 0
1731169507393 309.6101007461548 0
1731169507415 311.27980840206146 0
1731169507435 312.90404760837555 0
1731169507456 314.45657086372375 0
1731169507475 316.0218050479889 0
1731169507497 317.6873527765274 0
1731169507516 319.2856732606888 0
1731169507538 320.8566074371338 0
1731169507560 322.5156171321869 0
1731169507590 324.133220076561 0
1731169507611 325.7904144525528 0
1731169507635 327.3558027744293 0
1731169507658 329.06691217422485 0
1731169507678 330.7138155698776 0
1731169507698 332.31571090221405 0
1731169507720 334.0116717815399 0
1731169507742 335.6763174533844 0
1731169507769 337.2128210067749 0
1731169507791 338.8944398164749 0
1731169507813 340.45805835723877 0
1731169507839 342.0818637609482 0
1731169507868 343.65213775634766 0
1731169507894 345.27859354019165 0
1731169507922 346.920689702034 0
1731169507949 348.5905569791794 0
1731169507982 350.27124428749084 0
1731169508009 351.8601062297821 0
1731169508032 353.55857241153717 0
1731169508061 355.1795482635498 0
1731169508094 356.9206231832504 0
1731169508121 358.47893679142 0
1731169508151 360.08305537700653 0
1731169508180 361.74860858917236 0
1731169508297 363.3958878517151 0
1731169508314 365.03760635852814 0
1731169508345 366.6172112226486 0
1731169508383 368.2825810909271 0
1731169508421 369.85300147533417 0
1731169508443 371.4423596858978 0
1731169508470 373.0585550069809 0
1731169508502 374.70325231552124 0
1731169508533 376.3235265016556 0
1731169508563 378.0284740924835 0
1731169508595 379.64046370983124 0
1731169508624 381.30154395103455 0
1731169508647 382.8847806453705 0
1731169508672 384.487979054451 0
1731169508697 386.1316077709198 0
1731169508723 387.7855865955353 0
1731169508747 389.42408883571625 0
1731169508772 391.0590463876724 0
1731169508793 392.7442696094513 0
1731169508823 394.37339425086975 0
1731169508849 396.02501595020294 0
1731169508878 397.7274285554886 0
1731169508902 399.28377616405487 0
1731169508929 400.868834733963 0
1731169508959 402.5237914323807 0
1731169508983 404.119460940361 0
1731169509013 405.7335247993469 0
1731169509036 407.35967540740967 0
1731169509069 408.988242149353 0
1731169509092 410.5320930480957 0
1731169509114 412.18502020835876 0
1731169509134 413.77295303344727 0
1731169509159 415.4139139652252 0
1731169509180 417.0368493795395 0
1731169509204 418.8009682893753 0
1731169509226 420.4584218263626 0
1731169509255 422.04677975177765 0
1731169509279 423.59754598140717 0
1731169509315 425.2665938138962 0
1731169509342 426.857408285141 0
1731169509367 428.5433416366577 0
1731169509391 430.1596521139145 0
1731169509414 431.77106380462646 0
1731169509437 433.477383852005 0
1731169509464 435.1638745069504 0
1731169509487 436.86270546913147 0
1731169509515 438.5089930295944 0
1731169509544 440.2237778902054 0
1731169509570 441.91194999217987 0
1731169509594 443.52599453926086 0
1731169509616 445.1526755094528 0
1731169509636 446.81074583530426 0
1731169509684 448.4890704154968 0
1731169509707 450.1084952354431 0
1731169509734 451.6480267047882 0
1731169509757 453.2844307422638 0
1731169509784 454.9836325645447 0
1731169509813 456.5842795372009 0
1731169509831 458.2292319536209 0
1731169509859 459.9228746891022 0
1731169509885 461.49499249458313 0
1731169509905 463.06056821346283 0
1731169509939 464.77792620658875 0
1731169509964 466.4344539642334 0
1731169509986 468.0551668405533 0
1731169510020 469.6975334882736 0
1731169510046 471.3504340648651 0
1731169510068 472.95408594608307 0
1731169510091 474.59502255916595 0
1731169510126 476.2900347709656 0
1731169510149 477.8876643180847 0
1731169510170 479.4543478488922 0
1731169510256 481.0887769460678 0
1731169510302 482.68846905231476 0
1731169510333 484.3362741470337 0
1731169510357 485.915646314621 0
1731169510388 487.4994150400162 0
1731169510412 489.12625682353973 0
1731169510444 490.69057047367096 0
1731169510516 492.27976429462433 0
1731169510550 493.963067650795 0
1731169510576 495.54925775527954 0
1731169510604 497.1205059289932 0
1731169510628 498.76206052303314 0
1731169510649 500.33515083789825 0
1731169510667 502.03468000888824 0
1731169510691 503.6601928472519 0
1731169510722 505.2193030118942 0
1731169510754 506.908451795578 0
1731169510787 508.51556956768036 0
1731169510813 510.0730838775635 0
1731169510891 511.69885408878326 0
1731169510915 513.3793691396713 0
1731169510939 515.0734097957611 0
1731169510964 516.6665315628052 0
1731169510985 518.2902400493622 0
1731169511005 519.9043143987656 0
1731169511057 521.524817109108 0
1731169511087 523.155517578125 0
1731169511115 524.7704594135284 0
1731169511143 526.3400766849518 0
1731169511176 527.8993997573853 0
1731169511203 529.4951231479645 0
1731169511229 531.1412245035172 0
1731169511260 532.7608751058578 0
1731169511282 534.4584475755692 0
1731169511307 536.117974281311 0
1731169511337 537.7554321289062 0
1731169511368 539.4228810071945 0
1731169511394 541.116606593132 0
1731169511432 542.7685700654984 0
1731169511461 544.4158993959427 0
1731169511502 545.959979891777 0
1731169511556 547.5798006057739 0
1731169511586 549.2725312709808 0
1731169511628 550.9759964942932 0
1731169511656 552.6605517864227 0
1731169511695 554.3843357563019 0
1731169511720 556.0081962347031 0
1731169511754 557.622774720192 0
1731169511783 559.2201519012451 0
1731169511805 560.8801047801971 0
1731169511888 562.4469065666199 0
1731169511927 564.0638377666473 0
1731169511958 565.6805281639099 0
1731169511979 567.2471655607224 0
1731169512024 568.9324407577515 0
1731169512071 570.5354855060577 0
1731169512112 572.1504352092743 0
1731169512153 573.7358176708221 0
1731169512179 575.3826916217804 0
1731169512214 576.9835677146912 0
1731169512244 578.5265814065933 0
1731169512292 580.2044049501419 0
1731169512325 581.847628235817 0
1731169512348 583.5198482275009 0
1731169512371 585.0907955169678 0
1731169512567 586.6831430196762 0
1731169512659 588.2902897596359 0
1731169512678 589.9176251888275 0
1731169512699 591.4690544605255 0
1731169512730 593.0697147846222 0
1731169512762 594.6944898366928 0
1731169512827 596.4087142944336 0
1731169512921 597.9638566970825 0
1731169512975 599.6900435686111 0
1731169513002 601.3228118419647 0
1731169513029 602.9027123451233 0
1731169513051 604.5600078105927 0
1731169513075 606.1599793434143 0
1731169513102 607.7629518508911 0
1731169513145 609.3359323740005 0
1731169513229 610.9757258892059 0
1731169513265 612.5731288194656 0
1731169513291 614.248116850853 0
1731169513314 615.8681292533875 0
1731169513347 617.5149608850479 0
1731169513394 619.1143773794174 0
1731169513475 620.7264356613159 0
1731169513517 622.318060874939 0
1731169513549 623.9182187318802 0
1731169513579 625.5147035121918 0
1731169513606 627.1750243902206 0
1731169513632 628.7725763320923 0
1731169513662 630.3626935482025 0
1731169513719 631.995824098587 0
1731169513744 633.5988285541534 0
1731169513766 635.2685644626617 0
1731169513789 636.8081055879593 0
1731169513813 638.5245084762573 0
1731169513834 640.1054595708847 0
1731169513856 641.6539688110352 0
1731169513878 643.320827960968 0
1731169513900 644.9816876649857 0
1731169513922 646.618779540062 0
1731169513947 648.2744734287262 0
1731169513969 649.9040657281876 0
1731169513992 651.5418355464935 0
1731169514012 653.183643579483 0
1731169514035 654.7848269939423 0
1731169514057 656.4918529987335 0
1731169514079 658.1271798610687 0
1731169514104 659.7408910989761 0
1731169514125 661.3099514245987 0
1731169514145 662.9265435934067 0
1731169514171 664.5290237665176 0
1731169514201 666.1159571409225 0
1731169514224 667.707019329071 0
1731169514246 669.3647789955139 0
1731169514270 670.8897249698639 0
1731169514294 672.4684212207794 0
1731169514317 674.1253478527069 0
1731169514344 675.686371922493 0
1731169514373 677.3740723133087 0
1731169514398 679.0162295103073 0
1731169514423 680.599730014801 0
1731169514454 682.215481877327 0
1731169514489 683.8821680545807 0
1731169514552 685.571765422821 0
1731169514573 687.19715321064 0
1731169514597 688.8234754800797 0
1731169514620 690.488817691803 0
1731169514642 692.1016229391098 0
1731169514662 693.6733425855637 0
1731169514684 695.2832689285278 0
1731169514712 696.9419084787369 0
1731169514744 698.5328860282898 0
1731169514773 700.1565743684769 0
1731169514814 701.7581424713135 0
1731169514883 703.3512754440308 0
1731169514914 704.8931674957275 0
1731169514950 706.5913207530975 0
1731169514985 708.1814506053925 0
1731169515007 709.8367054462433 0
1731169515032 711.6104381084442 0
1731169515057 713.3284270763397 0
1731169515084 714.9167233705521 0
1731169515107 716.5997569561005 0
1731169515290 718.2515646219254 0
1731169515328 719.9023795127869 0
1731169515359 721.5208370685577 0
1731169515388 723.1774604320526 0
1731169515419 724.7725938558578 0
1731169515450 726.3502737283707 0
1731169515474 727.939436674118 0
1731169515513 729.6294692754745 0
1731169515536 731.1509796380997 0
1731169515570 732.7749711275101 0
1731169515600 734.3716673851013 0
1731169515636 735.928832411766 0
1731169515665 737.5435345172882 0
1731169515704 739.1597471237183 0
1731169515829 740.7685546875 0
1731169515951 742.3355507850647 0
1731169515995 743.9562861919403 0
1731169516020 745.5946868658066 0
1731169516037 747.2517442703247 0
1731169516058 748.8862731456757 0
1731169516089 750.5309654474258 0
1731169516138 752.1910773515701 0
1731169516249 753.7894821166992 0
1731169516284 755.5527386665344 0
1731169516315 757.1277911663055 0
1731169516344 758.7800494432449 0
1731169516363 760.3746899366379 0
1731169516387 762.0298074483871 0
1731169516412 763.6594234704971 0
1731169516439 765.1941789388657 0
1731169516473 766.7634589672089 0
1731169516506 768.414310336113 0
1731169516532 769.9842264652252 0
1731169516555 771.5801396369934 0
1731169516578 773.1798362731934 0
1731169516604 774.8429129123688 0
1731169516642 776.4337213039398 0
1731169516682 778.1038089990616 0
1731169516722 779.6989421844482 0
1731169516800 781.2858273983002 0
1731169516833 782.9656044244766 0
1731169516862 784.5487533807755 0
1731169516887 786.2423701286316 0
1731169516908 787.9189460277557 0
1731169516941 789.4895786046982 0
1731169516967 791.0382009744644 0
1731169516993 792.6273185014725 0
1731169517051 794.2285118103027 0
1731169517072 795.8049327135086 0
1731169517102 797.3653087615967 0
1731169517136 798.9876596927643 0
1731169517178 800.6003131866455 0
1731169517218 802.184460401535 0
1731169517241 803.8638557195663 0
1731169517273 805.4722186326981 0
1731169517303 807.1142648458481 0
1731169517333 808.7149382829666 0
1731169517410 810.3532563447952 0
1731169517455 811.9287021160126 0
1731169517484 813.5894906520844 0
1731169517515 815.2229940891266 0
1731169517542 816.8666397333145 0
1731169517591 818.5492799282074 0
1731169517626 820.1060571670532 0
1731169517652 821.8088133335114 0
1731169517694 823.3976457118988 0
1731169517727 824.9888851642609 0
1731169517759 826.571567773819 0
1731169517802 828.2427052259445 0
1731169517829 829.9406272172928 0
1731169517856 831.528839468956 0
1731169517878 833.1439826488495 0
1731169517905 834.7771971225739 0
1731169517939 836.445760011673 0
1731169517965 838.0249825716019 0
1731169517986 839.6292678117752 0
1731169518009 841.3256919384003 0
1731169518045 843.0214622020721 0
1731169518074 844.637624502182 0
1731169518111 846.2986464500427 0
1731169518151 847.9488717317581 0
1731169518197 849.5492427349091 0
1731169518232 851.1892305612564 0
1731169518285 852.7992606163025 0
1731169518325 854.4323108196259 0
1731169518352 855.9595963954926 0
1731169518381 857.6119121313095 0
1731169518410 859.2521570920944 0
1731169518441 860.8416033983231 0
1731169518468 862.552543759346 0
1731169518491 864.22831761837 0
1731169518522 865.8220502138138 0
1731169518551 867.4051802158356 0
1731169518581 869.0433087348938 0
1731169518614 870.6447273492813 0
1731169518639 872.3151780366898 0
1731169518669 873.9855794906616 0
1731169518713 875.5717496871948 0
1731169518757 877.1796181201935 0
1731169518805 878.7767344713211 0
1731169518861 880.3605918884277 0
1731169518891 881.9334771633148 0
1731169518915 883.507106423378 0
1731169518940 885.1068699359894 0
1731169518969 886.7329792976379 0
1731169518994 888.3564242124557 0
1731169519019 889.9780378341675 0
1731169519054 891.5773774385452 0
1731169519081 893.2000043392181 0
1731169519108 894.7938784360886 0
1731169519146 896.4222555160522 0
1731169519172 897.9889822006226 0
1731169519203 899.529168844223 0
1731169519229 901.1507959365845 0
1731169519256 902.8330014944077 0
1731169519287 904.4422326087952 0
1731169519321 906.0741379261017 0
1731169519348 907.7187769412994 0
1731169519379 909.3170449733734 0
1731169519403 910.9094920158386 0
1731169519431 912.5084617137909 0
1731169519488 914.1147245168686 0
1731169519564 915.768448472023 0
1731169519596 917.3251823186874 0
1731169519627 918.9411879777908 0
1731169519659 920.5785527229309 0
1731169519693 922.1445615291595 0
1731169519724 923.7796432971954 0
1731169519750 925.4169235229492 0
1731169519774 927.0885657072067 0
1731169519797 928.7137298583984 0
1731169519820 930.2725222110748 0
1731169519845 931.8534494638443 0
1731169519875 933.4126715660095 0
1731169519901 935.047621846199 0
1731169519927 936.7452425956726 0
1731169519952 938.2709504365921 0
1731169519976 939.958010673523 0
1731169520004 941.643366932869 0
1731169520043 943.2817070484161 0
1731169520078 944.9711177349091 0
1731169520129 946.5850026607513 0
1731169520208 948.2305091619492 0
1731169520241 949.8560672998428 0
1731169520257 951.5010355710983 0
1731169520278 953.1316592693329 0
1731169520305 954.7743400335312 0
1731169520329 956.4213017225266 0
1731169520357 958.0432175397873 0
1731169520392 959.7248197793961 0
1731169520420 961.3493121862411 0
1731169520459 962.9902514219284 0
1731169520479 964.5910586118698 0
1731169520564 966.2304077148438 0
1731169520706 967.8365685939789 0
1731169520788 969.4939081668854 0
1731169520877 971.0174770355225 0
1731169521034 972.6244362592697 0
1731169521149 974.3082722425461 0
1731169521291 975.9887579679489 0
1731169521345 977.6005784273148 0
1731169521443 979.1839238405228 0
1731169521483 980.8296144008636 0
1731169521522 982.5245540142059 0
1731169521568 984.1483699083328 0
1731169521640 985.7341344356537 0
1731169521666 987.3280047178268 0
1731169521776 988.9607480764389 0
1731169521892 990.6164149045944 0
1731169521980 992.266494512558 0
1731169522040 993.9040420055389 0
1731169522100 995.6229408979416 0
1731169522138 997.2720164060593 0
1731169522224 998.8967795372009 0
1731169522288 1000.5122141838074 0
1731169522408 1002.07117831707 0
1731169522459 1003.6635775566101 0
1731169522517 1005.3158173561096 0
1731169522578 1006.9381575584412 0
1731169522736 1008.5387555360794 0
1731169522915 1010.0806242227554 0
1731169523043 1011.7620040178299 0
1731169523104 1013.4286098480225 0
1731169523200 1014.9980392456055 0
1731169523258 1016.5650826692581 0
1731169523365 1018.1496556997299 0
1731169523415 1019.8330726623535 0
1731169523496 1021.3737108707428 0
1731169523552 1022.948846578598 0
1731169523596 1024.5653076171875 0
1731169523635 1026.1366416215897 0
1731169523669 1027.698009967804 0
1731169523694 1029.3645944595337 0
1731169523726 1030.9329023361206 0
1731169523758 1032.6078765392303 0
1731169523785 1034.2996039390564 0
1731169523812 1035.88454413414 0
1731169523839 1037.457703590393 0
1731169523872 1039.0359643697739 0
1731169523904 1040.6792333126068 0
1731169523944 1042.2726273536682 0
1731169523970 1043.9101873636246 0
1731169523995 1045.5126341581345 0
1731169524019 1047.1638547182083 0
1731169524040 1048.7613900899887 0
1731169524064 1050.3949403762817 0
1731169524090 1052.1077160835266 0
1731169524121 1053.7420184612274 0
1731169524151 1055.4096138477325 0
1731169524182 1056.9910393953323 0
1731169524209 1058.5628889799118 0
1731169524234 1060.138741016388 0
1731169524259 1061.8003715276718 0
1731169524280 1063.5067700147629 0
1731169524308 1065.160204410553 0
1731169524331 1066.7317646741867 0
1731169524364 1068.348072052002 0
1731169524396 1069.961206793785 0
1731169524425 1071.5429351329803 0
1731169524481 1073.0618431568146 0
1731169524503 1074.6928752660751 0
1731169524524 1076.3336380720139 0
1731169524546 1077.9679721593857 0
1731169524567 1079.553985118866 0
1731169524589 1081.0841777324677 0
1731169524612 1082.7077950239182 0
1731169524648 1084.3707711696625 0
1731169524670 1085.9850219488144 0
1731169524697 1087.584132552147 0
1731169524721 1089.2780215740204 0
1731169524740 1090.9498893022537 0
1731169524762 1092.5672370195389 0
1731169524784 1094.2155406475067 0
1731169524808 1095.860512495041 0
1731169524828 1097.4656587839127 0
1731169524858 1099.0991243124008 0
1731169524883 1100.7130786180496 0
1731169524908 1102.3404432535172 0
1731169524944 1103.910917043686 0
1731169524970 1105.527380347252 0
1731169525003 1107.112258553505 0
1731169525032 1108.7125927209854 0
1731169525064 1110.371229171753 0
1731169525099 1112.0329265594482 0
1731169525131 1113.6482313871384 0
1731169525159 1115.2547442913055 0
1731169525182 1116.8512462377548 0
1731169525209 1118.4753880500793 0
1731169525230 1120.055803179741 0
1731169525253 1121.6561044454575 0
1731169525276 1123.2274987697601 0
1731169525297 1124.9004610776901 0
1731169525319 1126.5079444646835 0
1731169525347 1128.0924957990646 0
1731169525379 1129.7864592075348 0
1731169525403 1131.4957826137543 0
1731169525442 1133.1329610347748 0
1731169525497 1134.7165598869324 0
1731169525532 1136.30278134346 0
1731169525567 1137.9226460456848 0
1731169525593 1139.5316902399063 0
1731169525625 1141.1337101459503 0
1731169525655 1142.7214872837067 0
1731169525688 1144.2904267311096 0
1731169525721 1145.938130736351 0
1731169525748 1147.617478132248 0
1731169525775 1149.3938912153244 0
1731169525800 1151.0525413751602 0
1731169525830 1152.6837280988693 0
1731169525859 1154.3580718040466 0
1731169525883 1155.9066500663757 0
1731169525921 1157.4887337684631 0
1731169525952 1159.1780101060867 0
1731169526008 1160.8032101392746 0
1731169526065 1162.3888657093048 0
1731169526096 1164.053886771202 0
1731169526130 1165.673467516899 0
1731169526173 1167.3697193861008 0
1731169526206 1168.9106882810593 0
1731169526238 1170.4808443784714 0
1731169526265 1172.113446712494 0
1731169526294 1173.762205004692 0
1731169526324 1175.3247357606888 0
1731169526347 1177.063727736473 0
1731169526420 1178.664569735527 0
1731169526445 1180.2932521104813 0
1731169526473 1181.94482254982 0
1731169526514 1183.61654651165 0
1731169526563 1185.1944222450256 0
1731169526594 1186.7082843780518 0
1731169526618 1188.390676856041 0
1731169526650 1190.007845401764 0
1731169526690 1191.6183452606201 0
1731169526726 1193.2646856307983 0
1731169526752 1194.8037711381912 0
1731169526781 1196.4129108190536 0
1731169526813 1198.0188804864883 0
1731169526844 1199.635869026184 0
1731169526871 1201.1901745796204 0
1731169526898 1202.7868070602417 0
1731169526917 1204.3976262807846 0
1731169526940 1205.976282119751 0
1731169526970 1207.6367926597595 0
1731169527037 1209.2414366006851 0
1731169527084 1210.8179106712341 0
1731169527103 1212.460718870163 0
1731169527132 1214.1262435913086 0
1731169527158 1215.6851596832275 0
1731169527186 1217.3334469795227 0
1731169527213 1218.956485748291 0
1731169527290 1220.5545253753662 0
1731169527333 1222.2868587970734 0
1731169527385 1223.9222416877747 0
1731169527418 1225.4944698810577 0
1731169527459 1227.1250340938568 0
1731169527486 1228.713984966278 0
1731169527516 1230.393978357315 0
1731169527547 1231.9705066680908 0
1731169527576 1233.5558117628098 0
1731169527782 1235.189580798149 0
1731169527843 1236.8995397090912 0
1731169527884 1238.5278625488281 0
1731169527909 1240.1278327703476 0
1731169527936 1241.8089101314545 0
1731169527961 1243.4338443279266 0
1731169527984 1245.0320053100586 0
1731169528005 1246.6575301885605 0
1731169528030 1248.2663410902023 0
1731169528053 1249.8922857046127 0
1731169528078 1251.532309293747 0
1731169528231 1253.1643855571747 0
1731169528319 1254.7961591482162 0
1731169528342 1256.4177590608597 0
1731169528365 1258.1479781866074 0
1731169528407 1259.8060534000397 0
1731169528473 1261.4214168787003 0
1731169528528 1263.047944188118 0
1731169528572 1264.7297476530075 0
1731169528602 1266.3195363283157 0
1731169528663 1267.9396497011185 0
1731169528712 1269.5571376085281 0
1731169528755 1271.2323278188705 0
1731169528798 1272.8492093086243 0
1731169528827 1274.4612531661987 0
1731169528865 1276.0287915468216 0
1731169528915 1277.6309465169907 0
1731169528958 1279.2314100265503 0
1731169528977 1280.8356249332428 0
1731169529010 1282.4346586465836 0
1731169529039 1284.0917640924454 0
1731169529061 1285.642167687416 0
1731169529086 1287.2322602272034 0
1731169529110 1288.8614691495895 0
1731169529139 1290.450204372406 0
1731169529171 1292.0496203899384 0
1731169529195 1293.62071454525 0
1731169529229 1295.2527904510498 0
1731169529254 1296.8563921451569 0
1731169529282 1298.5033633708954 0
1731169529314 1300.0834846496582 0
1731169529341 1301.7093125581741 0
1731169529364 1303.353194475174 0
1731169529387 1305.024842262268 0
1731169529429 1306.654614686966 0
1731169529459 1308.253573179245 0
1731169529497 1309.8956279754639 0
1731169529534 1311.5752935409546 0
1731169529574 1313.1895452737808 0
1731169529604 1314.8483105897903 0
1731169529628 1316.4636904001236 0
1731169529657 1318.1763367652893 0
1731169529681 1319.804946422577 0
1731169529708 1321.4251761436462 0
1731169529737 1322.990082859993 0
1731169529788 1324.5959440469742 0
1731169529828 1326.2131613492966 0
1731169529854 1327.7452520132065 0
1731169529887 1329.3439888954163 0
1731169529907 1330.924483537674 0
1731169529928 1332.5023353099823 0
1731169529958 1334.0609987974167 0
1731169529992 1335.6637815237045 0
1731169530010 1337.2646743059158 0
1731169530043 1338.8317400217056 0
1731169530062 1340.4290031194687 0
1731169530088 1342.0741518735886 0
1731169530109 1343.718985915184 0
1731169530136 1345.3065761327744 0
1731169530158 1346.8998092412949 0
1731169530188 1348.54026389122 0
1731169530211 1350.0935554504395 0
1731169530250 1351.7391526699066 0
1731169530300 1353.3861932754517 0
1731169530335 1354.9659079313278 0
1731169530374 1356.5834953784943 0
1731169530412 1358.286714553833 0
1731169530457 1359.9054735898972 0
1731169530481 1361.5235415697098 0
1731169530502 1363.1636717319489 0
1731169530521 1364.811297416687 0
1731169530551 1366.3973199129105 0
1731169530569 1368.000387787819 0
1731169530597 1369.632038474083 0
1731169530628 1371.2485754489899 0
1731169530677 1372.8255724906921 0
1731169530708 1374.4155288934708 0
1731169530743 1376.0441465377808 0
1731169530766 1377.6543836593628 0
1731169530791 1379.2683503627777 0
1731169530816 1380.9607768058777 0
1731169530834 1382.5311534404755 0
1731169530860 1384.153433561325 0
1731169530896 1385.7727023363113 0
1731169530943 1387.319384932518 0
1731169530976 1388.8623305559158 0
1731169531005 1390.493054986 0
1731169531028 1392.0865845680237 0
1731169531056 1393.7397488355637 0
1731169531086 1395.338348865509 0
1731169531121 1396.9372162818909 0
1731169531156 1398.574392914772 0
1731169531200 1400.1963517665863 0
1731169531225 1401.8364135026932 0
1731169531246 1403.518410205841 0
1731169531276 1405.157511472702 0
1731169531303 1406.758160829544 0
1731169531328 1408.4002466201782 0
1731169531357 1409.9799791574478 0
1731169531395 1411.5111014842987 0
1731169531453 1413.1378201246262 0
1731169531487 1414.7036417722702 0
1731169531511 1416.2908710241318 0
1731169531536 1417.8897067308426 0
1731169531562 1419.524865746498 0
1731169531588 1421.1157885789871 0
1731169531639 1422.7052382230759 0
1731169531662 1424.3046308755875 0
1731169531686 1425.8702325820923 0
1731169531708 1427.450492978096 0
1731169531738 1429.0536946058273 0
1731169531765 1430.6730498075485 0
1731169531796 1432.2786611318588 0
1731169531823 1433.9157903194427 0
1731169531854 1435.5499777793884 0
1731169531884 1437.1620743274689 0
1731169531910 1438.8157705068588 0
1731169531933 1440.3821440935135 0
1731169531976 1441.9928126335144 0
1731169532117 1443.6210129261017 0
1731169532187 1445.2055373191833 0
1731169532212 1446.793498158455 0
1731169532242 1448.3779159784317 0
1731169532279 1449.9961187839508 0
1731169532312 1451.5985704660416 0
1731169532346 1453.1648370027542 0
1731169532373 1454.7475273609161 0
1731169532400 1456.3402771949768 0
1731169532436 1457.95743393898 0
1731169532465 1459.5278376340866 0
1731169532488 1461.070746064186 0
1731169532519 1462.6827319860458 0
1731169532554 1464.3203729391098 0
1731169532698 1465.9388984441757 0
1731169532770 1467.6168050765991 0
1731169532795 1469.2788345813751 0
1731169532833 1470.8924800157547 0
1731169532864 1472.5387952327728 0
1731169532894 1474.1358469724655 0
1731169532925 1475.7881541252136 0
1731169532976 1477.4082483053207 0
1731169533029 1478.992651104927 0
1731169533088 1480.529867053032 0
1731169533146 1482.1329888105392 0
1731169533229 1483.7349996566772 0
1731169533251 1485.3358405828476 0
1731169533277 1486.9181352853775 0
1731169533304 1488.4893633127213 0
1731169533324 1490.1235193014145 0
1731169533344 1491.7465444803238 0
1731169533378 1493.3728874921799 0
1731169533410 1494.918398141861 0
1731169533438 1496.533303618431 0
1731169533469 1498.1277043819427 0
1731169533499 1499.7062582969666 0
1731169533547 1501.2873163223267 0
1731169533574 1502.9321466684341 0
1731169533603 1504.529024362564 0
1731169533636 1506.1147689819336 0
1731169533682 1507.7226415872574 0
1731169533709 1509.3210295438766 0
1731169533735 1510.9259215593338 0
1731169533759 1512.5021121501923 0
1731169533785 1514.0555983781815 0
1731169533812 1515.7076604366302 0
1731169533861 1517.3389483690262 0
1731169533916 1519.003620147705 0
1731169534011 1520.6394847631454 0
1731169534083 1522.2048021554947 0
1731169534109 1523.8740450143814 0
1731169534132 1525.4995938539505 0
1731169534155 1527.1349875926971 0
1731169534180 1528.7731602191925 0
1731169534207 1530.3925787210464 0
1731169534235 1531.9802854061127 0
1731169534284 1533.5221964120865 0
1731169534322 1535.354117155075 0
1731169534385 1.5831984281539917 1
1731169534418 3.217042088508606 1
1731169534460 4.782590270042419 1
1731169534492 6.447172999382019 1
1731169534528 8.022718071937561 1
1731169534560 9.641917109489441 1
1731169534644 11.25411581993103 1
1731169534681 12.818625330924988 1
1731169534750 14.421511769294739 1
1731169534800 16.043121099472046 1
1731169534849 17.642282128334045 1
1731169534931 19.276729702949524 1
1731169535008 20.83207619190216 1
1731169535055 22.412978172302246 1
1731169535083 23.939632892608643 1
1731169535141 25.448049306869507 1
1731169535222 27.051581859588623 1
1731169535246 28.739845156669617 1
1731169535304 30.409643530845642 1
1731169535361 31.99690353870392 1
1731169535469 33.66825497150421 1
1731169535566 35.272985100746155 1
1731169535687 36.86361587047577 1
1731169535750 38.542237639427185 1
1731169535792 40.183613777160645 1
1731169535821 41.81808423995972 1
1731169535883 43.43724882602692 1
1731169535952 45.119057178497314 1
1731169536009 46.75633096694946 1
1731169536052 48.37308347225189 1
1731169536095 49.9863463640213 1
1731169536132 51.54985201358795 1
1731169536158 53.14144003391266 1
1731169536198 54.709832310676575 1
1731169536277 56.25277364253998 1
1731169536353 57.923532485961914 1
1731169536375 59.494964241981506 1
1731169536399 61.076107144355774 1
1731169536419 62.67422699928284 1
1731169536439 64.25087296962738 1
1731169536466 65.83137381076813 1
1731169536493 67.34126031398773 1
1731169536521 68.95539140701294 1
1731169536558 70.48569619655609 1
1731169536613 72.07064235210419 1
1731169536643 73.65931046009064 1
1731169536669 75.22034084796906 1
1731169536692 76.8590657711029 1
1731169536725 78.45448279380798 1
1731169536756 80.02020168304443 1
1731169536787 81.6128785610199 1
1731169536820 83.22984576225281 1
1731169536891 84.81263959407806 1
1731169536933 86.39901912212372 1
1731169536971 88.06124949455261 1
1731169537000 89.67078852653503 1
1731169537035 91.31183612346649 1
1731169537068 92.86616361141205 1
1731169537092 94.48546588420868 1
1731169537132 96.02523279190063 1
1731169537172 97.58682584762573 1
1731169537204 99.2214081287384 1
1731169537237 100.81332969665527 1
1731169537270 102.42071604728699 1
1731169537306 103.95375943183899 1
1731169537338 105.62549722194672 1
1731169537365 107.1889123916626 1
1731169537389 108.7439386844635 1
1731169537412 110.39190220832825 1
1731169537443 111.9988477230072 1
1731169537469 113.617840051651 1
1731169537506 115.21249997615814 1
1731169537539 116.80860185623169 1
1731169537586 118.42935562133789 1
1731169537637 120.08661496639252 1
1731169537790 121.68363749980927 1
1731169537882 123.34754407405853 1
1731169537901 125.03426516056061 1
1731169537926 126.69976484775543 1
1731169537949 128.2859102487564 1
1731169537980 129.84373700618744 1
1731169538002 131.46018075942993 1
1731169538027 133.08969044685364 1
1731169538052 134.6943278312683 1
1731169538086 136.25264596939087 1
1731169538119 137.87452721595764 1
1731169538157 139.50182032585144 1
1731169538189 141.1823695898056 1
1731169538229 142.80219209194183 1
1731169538251 144.40538728237152 1
1731169538272 146.00732898712158 1
1731169538298 147.6708528995514 1
1731169538323 149.26879584789276 1
1731169538355 150.8833030462265 1
1731169538387 152.4643989801407 1
1731169538416 154.0331428050995 1
1731169538442 155.6390368938446 1
1731169538471 157.2179958820343 1
1731169538496 158.77695965766907 1
1731169538522 160.43203485012054 1
1731169538552 162.11687099933624 1
1731169538577 163.68766272068024 1
1731169538604 165.34363269805908 1
1731169538636 166.93424201011658 1
1731169538663 168.5320839881897 1
1731169538687 170.2043217420578 1
1731169538711 171.74644887447357 1
1731169538743 173.34258711338043 1
1731169538772 174.90559446811676 1
1731169538804 176.47044813632965 1
1731169538839 178.00952553749084 1
1731169538879 179.62884068489075 1
1731169538921 181.24550783634186 1
1731169538960 182.89164066314697 1
1731169538990 184.51303112506866 1
1731169539016 186.1352962255478 1
1731169539038 187.76876139640808 1
1731169539061 189.32242274284363 1
1731169539084 190.8552051782608 1
1731169539115 192.4809342622757 1
1731169539145 194.1140922307968 1
1731169539174 195.74326181411743 1
1731169539207 197.3556354045868 1
1731169539246 198.98603081703186 1
1731169539275 200.65005922317505 1
1731169539311 202.3481079339981 1
1731169539342 203.97469007968903 1
1731169539376 205.63516557216644 1
1731169539399 207.23994731903076 1
1731169539429 208.8086760044098 1
1731169539454 210.44148349761963 1
1731169539485 212.0252833366394 1
1731169539536 213.62728309631348 1
1731169539575 215.15140068531036 1
1731169539662 216.730788230896 1
1731169539703 218.35960960388184 1
1731169539737 219.91594517230988 1
1731169539767 221.54698359966278 1
1731169539799 223.16372632980347 1
1731169539837 224.7766308784485 1
1731169539865 226.37625336647034 1
1731169539893 227.93153584003448 1
1731169539919 229.55787575244904 1
1731169539968 231.14478075504303 1
1731169539999 232.76028501987457 1
1731169540024 234.34722638130188 1
1731169540049 235.94977855682373 1
1731169540084 237.5752795934677 1
1731169540115 239.2267336845398 1
1731169540151 240.81504154205322 1
1731169540185 242.4014027118683 1
1731169540221 244.04798638820648 1
1731169540247 245.68262696266174 1
1731169540273 247.21745204925537 1
1731169540297 248.8027172088623 1
1731169540323 250.42577481269836 1
1731169540349 252.0209413766861 1
1731169540379 253.59530305862427 1
1731169540412 255.1649887561798 1
1731169540442 256.7218761444092 1
1731169540467 258.3413996696472 1
1731169540492 259.9914491176605 1
1731169540515 261.57117450237274 1
1731169540543 263.22475147247314 1
1731169540611 264.78068947792053 1
1731169540637 266.45456075668335 1
1731169540669 268.07069087028503 1
1731169540698 269.7156615257263 1
1731169540730 271.33356487751007 1
1731169540754 272.9572525024414 1
1731169540776 274.5779914855957 1
1731169540809 276.12933254241943 1
1731169540837 277.7608802318573 1
1731169540860 279.36631321907043 1
1731169540883 280.9612205028534 1
1731169540905 282.5982184410095 1
1731169540928 284.14731550216675 1
1731169540949 285.74629497528076 1
1731169540971 287.338494181633 1
1731169541005 288.8790194988251 1
1731169541043 290.4858407974243 1
1731169541071 292.09040677547455 1
1731169541101 293.7743468284607 1
1731169541130 295.38900685310364 1
1731169541160 297.0292046070099 1
1731169541187 298.69468355178833 1
1731169541212 300.330748796463 1
1731169541242 301.9606524705887 1
1731169541267 303.69826650619507 1
1731169541299 305.3063151836395 1
1731169541326 306.9326637983322 1
1731169541355 308.4757218360901 1
1731169541376 310.11078214645386 1
1731169541398 311.74561619758606 1
1731169541422 313.3462437391281 1
1731169541447 314.9584115743637 1
1731169541471 316.64856350421906 1
1731169541499 318.2616467475891 1
1731169541534 319.8929489850998 1
1731169541570 321.49910819530487 1
1731169541602 323.1367071866989 1
1731169541626 324.6867047548294 1
1731169541653 326.3499255180359 1
1731169541686 327.96888184547424 1
1731169541715 329.6234669685364 1
1731169541736 331.2363566160202 1
1731169541759 332.8361773490906 1
1731169541783 334.4027693271637 1
1731169541805 335.9535320997238 1
1731169541824 337.6154032945633 1
1731169541848 339.237619638443 1
1731169541886 340.92658483982086 1
1731169541914 342.5674524307251 1
1731169541945 344.13789319992065 1
1731169541972 345.7742486000061 1
1731169541993 347.28304266929626 1
1731169542015 348.9141614437103 1
1731169542041 350.5328104496002 1
1731169542062 352.128133058548 1
1731169542084 353.8128694295883 1
1731169542106 355.4324127435684 1
1731169542129 357.0132540464401 1
1731169542161 358.61589097976685 1
1731169542194 360.24638414382935 1
1731169542223 361.83034551143646 1
1731169542248 363.48175406455994 1
1731169542269 365.17110204696655 1
1731169542293 366.8061430454254 1
1731169542315 368.43993043899536 1
1731169542339 369.9852246046066 1
1731169542357 371.61609864234924 1
1731169542381 373.20978307724 1
1731169542401 374.7617589235306 1
1731169542426 376.4125665426254 1
1731169542451 378.0493143796921 1
1731169542474 379.60992407798767 1
1731169542494 381.1812618970871 1
1731169542518 382.7569988965988 1
1731169542550 384.35742688179016 1
1731169542574 386.0574835538864 1
1731169542629 387.62691354751587 1
1731169542658 389.2613184452057 1
1731169542685 390.81287372112274 1
1731169542717 392.4372525215149 1
1731169542745 394.076945066452 1
1731169542772 395.7267795801163 1
1731169542807 397.3039857149124 1
1731169542875 398.8799465894699 1
1731169542917 400.47549521923065 1
1731169542942 402.0717841386795 1
1731169542970 403.6084494590759 1
1731169542995 405.1767145395279 1
1731169543020 406.7500500679016 1
1731169543046 408.3983404636383 1
1731169543077 409.95103538036346 1
1731169543104 411.5198028087616 1
1731169543137 413.12965393066406 1
1731169543266 414.73684215545654 1
1731169543335 416.3650634288788 1
1731169543385 417.9243015050888 1
1731169543430 419.6226215362549 1
1731169543477 421.2337590456009 1
1731169543511 422.8522654771805 1
1731169543540 424.43751764297485 1
1731169543583 426.0452982187271 1
1731169543614 427.6106858253479 1
1731169543646 429.2120393514633 1
1731169543672 430.9001785516739 1
1731169543697 432.5930037498474 1
1731169543727 434.1223840713501 1
1731169543750 435.6944035291672 1
1731169543777 437.2517511844635 1
1731169543800 438.90683150291443 1
1731169543826 440.5113743543625 1
1731169543872 442.06358301639557 1
1731169543899 443.6210049390793 1
1731169543924 445.1919413805008 1
1731169543951 446.82378911972046 1
1731169543977 448.45585882663727 1
1731169544002 450.0120447874069 1
1731169544029 451.6588193178177 1
1731169544061 453.2741901874542 1
1731169544094 454.91971611976624 1
1731169544120 456.53315782546997 1
1731169544145 458.05894446372986 1
1731169544169 459.6409170627594 1
1731169544191 461.2154700756073 1
1731169544213 462.78037083148956 1
1731169544233 464.4386999607086 1
1731169544261 466.1038796901703 1
1731169544292 467.69460940361023 1
1731169544326 469.271906375885 1
1731169544358 470.89649176597595 1
1731169544391 472.5762872695923 1
1731169544427 474.19517970085144 1
1731169544470 475.773273229599 1
1731169544505 477.34716188907623 1
1731169544536 478.91965985298157 1
1731169544580 480.5464951992035 1
1731169544628 482.12550377845764 1
1731169544662 483.75303173065186 1
1731169544696 485.37884175777435 1
1731169544726 486.9544951915741 1
1731169544763 488.4786275625229 1
1731169544790 490.09893918037415 1
1731169544825 491.6501476764679 1
1731169544847 493.2009062767029 1
1731169544891 494.8017671108246 1
1731169544929 496.48135673999786 1
1731169544968 498.1089128255844 1
1731169545064 499.7334361076355 1
1731169545092 501.38517713546753 1
1731169545125 503.08111596107483 1
1731169545163 504.7101136445999 1
1731169545202 506.32478296756744 1
1731169545229 507.9899197816849 1
1731169545250 509.68867540359497 1
1731169545272 511.28628718852997 1
1731169545295 512.9182296991348 1
1731169545317 514.5173622369766 1
1731169545339 516.1517472267151 1
1731169545368 517.7442462444305 1
1731169545398 519.4099276065826 1
1731169545426 521.0104249715805 1
1731169545453 522.5779081583023 1
1731169545479 524.1616175174713 1
1731169545508 525.7947642803192 1
1731169545539 527.424839258194 1
1731169545570 529.0437270402908 1
1731169545597 530.6442672014236 1
1731169545629 532.2297660112381 1
1731169545658 533.725544333458 1
1731169545688 535.3673402070999 1
1731169545728 536.9928122758865 1
1731169545762 538.611886382103 1
1731169545797 540.2227791547775 1
1731169545819 541.8624390363693 1
1731169545848 543.4340590238571 1
1731169545875 545.0816489458084 1
1731169545901 546.7235796451569 1
1731169545926 548.3029074668884 1
1731169545954 549.872149348259 1
1731169545980 551.4481763839722 1
1731169546012 552.9831557273865 1
1731169546034 554.6339362859726 1
1731169546065 556.2494243383408 1
1731169546091 557.8449268341064 1
1731169546118 559.4588742256165 1
1731169546147 561.027280330658 1
1731169546172 562.6318936347961 1
1731169546195 564.2435381412506 1
1731169546227 565.853832244873 1
1731169546257 567.4859426021576 1
1731169546288 569.0582646131516 1
1731169546319 570.6291995048523 1
1731169546350 572.1739422082901 1
1731169546386 573.727438211441 1
1731169546427 575.364586353302 1
1731169546461 577.1027573347092 1
1731169546497 578.6385790109634 1
1731169546525 580.2954965829849 1
1731169546555 581.8889676332474 1
1731169546581 583.5383427143097 1
1731169546612 585.1066102981567 1
1731169546645 586.8121517896652 1
1731169546680 588.3876260519028 1
1731169546714 590.0143123865128 1
1731169546747 591.6517370939255 1
1731169546781 593.3325979709625 1
1731169546815 594.8436288833618 1
1731169546846 596.4363819360733 1
1731169546877 598.0229405164719 1
1731169546902 599.6173256635666 1
1731169546927 601.2280403375626 1
1731169546952 602.7809063196182 1
1731169546974 604.3970605134964 1
1731169546999 605.9538699388504 1
1731169547026 607.5483748912811 1
1731169547056 609.1591070890427 1
1731169547082 610.787605881691 1
1731169547106 612.3975867033005 1
1731169547142 613.9570916891098 1
1731169547173 615.5592448711395 1
1731169547209 617.1463177204132 1
1731169547244 618.7615184783936 1
1731169547268 620.4099352359772 1
1731169547291 622.06622838974 1
1731169547315 623.6244325637817 1
1731169547337 625.2853016853333 1
1731169547360 626.844899892807 1
1731169547390 628.4444636106491 1
1731169547420 630.0815852880478 1
1731169547447 631.697084069252 1
1731169547476 633.3485178947449 1
1731169547500 634.9089149236679 1
1731169547524 636.5329165458679 1
1731169547553 638.0541598796844 1
1731169547583 639.6963436603546 1
1731169547613 641.376796245575 1
1731169547654 642.9755795001984 1
1731169547749 644.5790642499924 1
1731169547882 646.1639391183853 1
1731169547923 647.7659245729446 1
1731169547976 649.4167560338974 1
1731169548082 650.9708534479141 1
1731169548150 652.633459687233 1
1731169548185 654.1674760580063 1
1731169548216 655.7630729675293 1
1731169548239 657.3761909008026 1
1731169548302 658.9536041021347 1
1731169548336 660.5608427524567 1
1731169548357 662.1903828382492 1
1731169548386 663.8494334220886 1
1731169548419 665.446711063385 1
1731169548447 667.0325940847397 1
1731169548479 668.6712498664856 1
1731169548499 670.2805050611496 1
1731169548521 671.8235737085342 1
1731169548578 673.4395023584366 1
1731169548615 675.0446016788483 1
1731169548646 676.5829685926437 1
1731169548679 678.1927416324615 1
1731169548747 679.7792533636093 1
1731169548795 681.3292783498764 1
1731169548837 682.9414262771606 1
1731169548888 684.5297943353653 1
1731169548909 686.1320314407349 1
1731169548933 687.7137434482574 1
1731169548971 689.2677844762802 1
1731169548995 690.8845255374908 1
1731169549030 692.4918311834335 1
1731169549060 694.0411981344223 1
1731169549086 695.7861696481705 1
1731169549114 697.314545750618 1
1731169549154 698.8899124860764 1
1731169549190 700.5064870119095 1
1731169549219 702.106122136116 1
1731169549246 703.6644747257233 1
1731169549269 705.1633830070496 1
1731169549292 706.7308801412582 1
1731169549319 708.3243299722672 1
1731169549341 709.9332398176193 1
1731169549365 711.4663722515106 1
1731169549387 713.0737054347992 1
1731169549409 714.7108010053635 1
1731169549430 716.3285419940948 1
1731169549451 717.9615972042084 1
1731169549473 719.6086263656616 1
1731169549494 721.1708838939667 1
1731169549514 722.8154809474945 1
1731169549538 724.3512103557587 1
1731169549562 725.9895693063736 1
1731169549590 727.5981470346451 1
1731169549618 729.2240282297134 1
1731169549644 730.8178424835205 1
1731169549686 732.4475672245026 1
1731169549715 734.0302453041077 1
1731169549750 735.6435217857361 1
1731169549780 737.2558611631393 1
1731169549811 738.8564001321793 1
1731169549843 740.462456703186 1
1731169549874 742.1291832923889 1
1731169549914 743.7933974266052 1
1731169549948 745.3922634124756 1
1731169549979 746.9548176527023 1
1731169550004 748.5814275741577 1
1731169550030 750.1677960157394 1
1731169550053 751.7400766611099 1
1731169550091 753.3719335794449 1
1731169550134 754.9760093688965 1
1731169550173 756.5587694644928 1
1731169550213 758.184912443161 1
1731169550251 759.7109446525574 1
1731169550287 761.3887453079224 1
1731169550319 762.9586663246155 1
1731169550355 764.575771689415 1
1731169550387 766.2162894010544 1
1731169550414 767.8031017780304 1
1731169550442 769.4649415016174 1
1731169550473 771.0474119186401 1
1731169550510 772.5895459651947 1
1731169550548 774.2576190233231 1
1731169550587 775.8435730934143 1
1731169550619 777.4040641784668 1
1731169550651 779.0150787830353 1
1731169550679 780.5671761035919 1
1731169550728 782.2001428604126 1
1731169550758 783.8775902986526 1
1731169550781 785.462042093277 1
1731169550809 787.1166114807129 1
1731169550837 788.7328678369522 1
1731169550866 790.3051565885544 1
1731169550904 791.9111987352371 1
1731169550943 793.4804346561432 1
1731169550975 795.1211941242218 1
1731169551005 796.7404791116714 1
1731169551144 798.3597744703293 1
1731169551239 799.9345036745071 1
1731169551284 801.5362468957901 1
1731169551304 803.1376974582672 1
1731169551321 804.741118311882 1
1731169551343 806.3113278150558 1
1731169551383 807.8852818012238 1
1731169551416 809.5410964488983 1
1731169551448 811.1507989168167 1
1731169551484 812.6866000890732 1
1731169551511 814.3108484745026 1
1731169551534 815.9596455097198 1
1731169551555 817.5493485927582 1
1731169551610 819.2160392999649 1
1731169551645 820.8497143983841 1
1731169551678 822.4904973506927 1
1731169551717 824.0471054315567 1
1731169551778 825.6480977535248 1
1731169551819 827.3501142263412 1
1731169551856 828.9228111505508 1
1731169551883 830.5395466089249 1
1731169551906 832.073288321495 1
1731169551936 833.66082072258 1
1731169551973 835.2035975456238 1
1731169551998 836.7671712636948 1
1731169552026 838.2937669754028 1
1731169552054 839.8623949289322 1
1731169552083 841.4465615749359 1
1731169552117 843.0215594768524 1
1731169552156 844.6069713830948 1
1731169552211 846.2433505058289 1
1731169552259 847.8420028686523 1
1731169552287 849.4175095558167 1
1731169552315 850.9847891330719 1
1731169552345 852.5687689781189 1
1731169552382 854.1212068796158 1
1731169552430 855.7127816677094 1
1731169552461 857.3142998218536 1
1731169552499 858.8994178771973 1
1731169552530 860.4558298587799 1
1731169552553 862.0462789535522 1
1731169552580 863.7402821779251 1
1731169552605 865.3570657968521 1
1731169552641 866.9292533397675 1
1731169552671 868.5312110185623 1
1731169552771 870.128026008606 1
1731169552817 871.727550983429 1
1731169552852 873.437628030777 1
1731169552881 875.0035252571106 1
1731169552913 876.6850697994232 1
1731169552935 878.2674193382263 1
1731169552962 879.9078340530396 1
1731169552985 881.5365262031555 1
1731169553008 883.2320711612701 1
1731169553032 884.8896737098694 1
1731169553050 886.4911342859268 1
1731169553073 888.1150181293488 1
1731169553096 889.7284157276154 1
1731169553121 891.2662262916565 1
1731169553157 892.8554893732071 1
1731169553190 894.4879395961761 1
1731169553218 896.1185624599457 1
1731169553248 897.7288349866867 1
1731169553281 899.3040586709976 1
1731169553311 900.921688914299 1
1731169553356 902.4862259626389 1
1731169553394 904.1417587995529 1
1731169553421 905.6903443336487 1
1731169553445 907.4019067287445 1
1731169553468 908.9778373241425 1
1731169553495 910.6514594554901 1
1731169553535 912.2354918718338 1
1731169553575 913.8059495687485 1
1731169553613 915.4223362207413 1
1731169553636 916.9898744821548 1
1731169553664 918.6005585193634 1
1731169553685 920.2550224065781 1
1731169553711 921.8992836475372 1
1731169553732 923.4253590106964 1
1731169553765 925.0435531139374 1
1731169553795 926.6936415433884 1
1731169553827 928.4343935251236 1
1731169553866 930.0334938764572 1
1731169553897 931.6112141609192 1
1731169554056 933.2449622154236 1
1731169554097 934.8395768404007 1
1731169554117 936.4138933420181 1
1731169554159 938.0007673501968 1
1731169554191 939.6194022893906 1
1731169554230 941.3122144937515 1
1731169554258 942.8881064653397 1
1731169554284 944.4690717458725 1
1731169554397 946.0141718387604 1
1731169554610 947.5493607521057 1
1731169554669 949.1785206794739 1
1731169554819 950.7190293073654 1
1731169554951 952.3085550069809 1
1731169554973 953.9102092981339 1
1731169555036 955.5179393291473 1
1731169555059 957.0439832210541 1
1731169555112 958.6935937404633 1
1731169555158 960.3395757675171 1
1731169555203 961.9279309511185 1
1731169555258 963.5168170928955 1
1731169555352 965.1262974739075 1
1731169555394 966.7602037191391 1
1731169555438 968.3289785385132 1
1731169555495 969.8216382265091 1
1731169555522 971.433855175972 1
1731169555582 973.0321236848831 1
1731169555603 974.6601258516312 1
1731169555636 976.2544575929642 1
1731169555673 977.8593847751617 1
1731169555707 979.4914767742157 1
1731169555735 981.1013323068619 1
1731169555761 982.7167652845383 1
1731169555782 984.3616545200348 1
1731169555803 985.9193496704102 1
1731169555831 987.5510814189911 1
1731169555852 989.1918404102325 1
1731169555874 990.8091504573822 1
1731169555901 992.4420375823975 1
1731169555924 994.0720896720886 1
1731169555952 995.5924386978149 1
1731169555981 997.2075883150101 1
1731169556014 998.8176165819168 1
1731169556050 1000.4152023792267 1
1731169556139 1002.0442517995834 1
1731169556163 1003.637396812439 1
1731169556186 1005.300511598587 1
1731169556212 1006.8961887359619 1
1731169556234 1008.4875304698944 1
1731169556257 1010.1686384677887 1
1731169556291 1011.8159111738205 1
1731169556316 1013.415588259697 1
1731169556341 1015.0334783792496 1
1731169556372 1016.6391085386276 1
1731169556394 1018.2568310499191 1
1731169556417 1019.8597577810287 1
1731169556442 1021.4844042062759 1
1731169556464 1023.101092338562 1
1731169556488 1024.6819972991943 1
1731169556514 1026.3328897953033 1
1731169556546 1027.9486194849014 1
1731169556579 1029.5493830442429 1
1731169556612 1031.091605067253 1
1731169556637 1032.6299724578857 1
1731169556657 1034.190141916275 1
1731169556709 1035.8216208219528 1
1731169556736 1037.469170331955 1
1731169556760 1039.0447628498077 1
1731169556792 1040.6911838054657 1
1731169556816 1042.2024097442627 1
1731169556840 1043.7665100097656 1
1731169556862 1045.3521387577057 1
1731169556902 1046.937143087387 1
1731169556933 1048.5721422433853 1
1731169556965 1050.1739600896835 1
1731169556994 1051.8517779111862 1
1731169557019 1053.4065614938736 1
1731169557050 1054.9939168691635 1
1731169557079 1056.6751164197922 1
1731169557099 1058.227446436882 1
1731169557121 1059.8150770664215 1
1731169557152 1061.384454369545 1
1731169557175 1062.9914594888687 1
1731169557204 1064.594266295433 1
1731169557232 1066.1398062705994 1
1731169557255 1067.748346567154 1
1731169557279 1069.3740496635437 1
1731169557305 1071.0481741428375 1
1731169557330 1072.6563695669174 1
1731169557355 1074.28295814991 1
1731169557386 1075.9507912397385 1
1731169557417 1077.5475565195084 1
1731169557448 1079.1035780906677 1
1731169557475 1080.7614761590958 1
1731169557508 1082.4429315328598 1
1731169557547 1084.0333372354507 1
1731169557578 1085.6680927276611 1
1731169557636 1087.3262779712677 1
1731169557665 1088.9312047958374 1
1731169557697 1090.4763910770416 1
1731169557723 1092.0881505012512 1
1731169557747 1093.6887936592102 1
1731169557779 1095.2209849357605 1
1731169557805 1096.883586883545 1
1731169557829 1098.4676427841187 1
1731169557870 1100.1005623340607 1
1731169557923 1101.7019929885864 1
1731169557960 1103.2338886260986 1
1731169557983 1104.8732860088348 1
1731169558007 1106.4279146194458 1
1731169558069 1108.0438141822815 1
1731169558092 1109.6784014701843 1
1731169558113 1111.324377298355 1
1731169558140 1112.9288815259933 1
1731169558171 1114.5449081659317 1
1731169558201 1116.1028941869736 1
1731169558251 1117.7936123609543 1
1731169558279 1119.4952092170715 1
1731169558303 1121.0197459459305 1
1731169558326 1122.5739333629608 1
1731169558350 1124.1854691505432 1
1731169558377 1125.7253341674805 1
1731169558406 1127.3405829668045 1
1731169558436 1128.946290254593 1
1731169558463 1130.5724062919617 1
1731169558486 1132.2685585021973 1
1731169558509 1133.9140127897263 1
1731169558531 1135.5392662286758 1
1731169558560 1137.1729208230972 1
1731169558584 1138.7509280443192 1
1731169558644 1140.2795050144196 1
1731169558668 1141.864140510559 1
1731169558693 1143.4742896556854 1
1731169558733 1145.0685323476791 1
1731169558759 1146.586217880249 1
1731169558782 1148.1726733446121 1
1731169558812 1149.774012684822 1
1731169558840 1151.340075135231 1
1731169558861 1152.913103222847 1
1731169558882 1154.5340288877487 1
1731169558901 1156.072455048561 1
1731169558927 1157.672023653984 1
1731169558950 1159.322147011757 1
1731169558972 1160.9240466356277 1
1731169558993 1162.589522600174 1
1731169559016 1164.2177243232727 1
1731169559043 1165.8580658435822 1
1731169559067 1167.4583463668823 1
1731169559095 1169.014161348343 1
1731169559120 1170.6463649272919 1
1731169559143 1172.2517349720001 1
1731169559170 1173.8044848442078 1
1731169559191 1175.376814007759 1
1731169559213 1176.9540773630142 1
1731169559243 1178.5242134332657 1
1731169559271 1180.0341691970825 1
1731169559326 1181.649110198021 1
1731169559352 1183.2787992954254 1
1731169559374 1184.856655240059 1
1731169559407 1186.431223154068 1
1731169559441 1187.9862232208252 1
1731169559478 1189.5878311395645 1
1731169559508 1191.1969584226608 1
1731169559533 1192.8423954248428 1
1731169559556 1194.4766548871994 1
1731169559577 1196.0333706140518 1
1731169559598 1197.6231902837753 1
1731169559622 1199.1993989944458 1
1731169559650 1200.8147176504135 1
1731169559672 1202.465761423111 1
1731169559693 1204.1045079231262 1
1731169559717 1205.6892961263657 1
1731169559741 1207.338996052742 1
1731169559768 1208.977455854416 1
1731169559794 1210.6293243169785 1
1731169559823 1212.21493434906 1
1731169559860 1213.8298593759537 1
1731169559897 1215.4736877679825 1
1731169559926 1217.118119597435 1
1731169559965 1218.6899639368057 1
1731169559989 1220.268792629242 1
1731169560033 1221.8818600177765 1
1731169560057 1223.5145695209503 1
1731169560081 1225.1938874721527 1
1731169560103 1226.7758185863495 1
1731169560130 1228.3205025196075 1
1731169560160 1229.9013233184814 1
1731169560190 1231.5076076984406 1
1731169560221 1233.1568485498428 1
1731169560251 1234.7817069292068 1
1731169560275 1236.3570566177368 1
1731169560302 1238.031097650528 1
1731169560329 1239.660121679306 1
1731169560352 1241.283287525177 1
1731169560376 1242.9415044784546 1
1731169560428 1244.539266705513 1
1731169560446 1246.21322453022 1
1731169560477 1247.8517870903015 1
1731169560498 1249.5144945383072 1
1731169560527 1251.1582565307617 1
1731169560564 1252.8070985078812 1
1731169560588 1254.4343851804733 1
1731169560614 1256.033490538597 1
1731169560664 1257.5988883972168 1
1731169560716 1259.166022181511 1
1731169560744 1260.7801183462143 1
1731169560767 1262.4073709249496 1
1731169560801 1264.0102336406708 1
1731169560822 1265.5929725170135 1
1731169560846 1267.1905853748322 1
1731169560877 1268.85233604908 1
1731169560906 1270.495729804039 1
1731169560931 1272.1199890375137 1
1731169560956 1273.7119691371918 1
1731169560984 1275.2969105243683 1
1731169561012 1276.8611483573914 1
1731169561040 1278.4097715616226 1
1731169561104 1279.9805113077164 1
1731169561139 1281.5316702127457 1
1731169561157 1283.0080857276917 1
1731169561182 1284.6993434429169 1
1731169561249 1286.2916767597198 1
1731169561272 1287.898266673088 1
1731169561299 1289.5202289819717 1
1731169561324 1291.052509188652 1
1731169561348 1292.6119240522385 1
1731169561378 1294.1522657871246 1
1731169561417 1295.748260974884 1
1731169561448 1297.354712843895 1
1731169561478 1298.9974645376205 1
1731169561508 1300.6612848043442 1
1731169561536 1302.2546747922897 1
1731169561562 1303.9440497159958 1
1731169561591 1305.5262169837952 1
1731169561612 1307.0809653997421 1
1731169561647 1308.7384227514267 1
1731169561675 1310.3472174406052 1
1731169561702 1312.0232013463974 1
1731169561736 1313.5934399366379 1
1731169561762 1315.254518866539 1
1731169561787 1316.9013549089432 1
1731169561811 1318.5555840730667 1
1731169561845 1320.1441670656204 1
1731169561864 1321.7659631967545 1
1731169561889 1323.35229575634 1
1731169561923 1324.9894248247147 1
1731169561970 1326.5861827135086 1
1731169561996 1328.281598329544 1
1731169562025 1329.8999985456467 1
1731169562066 1331.4601022005081 1
1731169562088 1333.0637278556824 1
1731169562110 1334.6279001235962 1
1731169562160 1336.1561524868011 1
1731169562188 1337.7494885921478 1
1731169562216 1339.3039109706879 1
1731169562298 1340.8689050674438 1
1731169562326 1342.4785044193268 1
1731169562357 1344.0913945436478 1
1731169562380 1345.7069292068481 1
1731169562410 1347.2381930351257 1
1731169562430 1348.7678776979446 1
1731169562464 1350.3067942857742 1
1731169562491 1351.8597291707993 1
1731169562518 1353.4062106609344 1
1731169562536 1355.0406799316406 1
1731169562577 1356.7178636789322 1
1731169562602 1358.3292895555496 1
1731169562624 1359.8742150068283 1
1731169562653 1361.4501144886017 1
1731169562683 1363.1067986488342 1
1731169562897 1364.7057791948318 1
1731169563052 1366.296556353569 1
1731169563147 1367.9545443058014 1
1731169563186 1369.5350081920624 1
1731169563213 1371.2365233898163 1
1731169563242 1372.8057179450989 1
1731169563281 1374.3554708957672 1
1731169563317 1375.92857837677 1
1731169563375 1377.504370212555 1
1731169563400 1379.0602575540543 1
1731169563423 1380.66770529747 1
1731169563446 1382.201852798462 1
1731169563470 1383.7909005880356 1
1731169563501 1385.3714302778244 1
1731169563523 1386.9794095754623 1
1731169563579 1388.5388436317444 1
1731169563625 1390.1479308605194 1
1731169563661 1391.7149288654327 1
1731169563693 1393.26839697361 1
1731169563723 1394.8262133598328 1
1731169563750 1396.361979484558 1
1731169563776 1397.9395852088928 1
1731169563801 1399.4797095060349 1
1731169563840 1401.0051159858704 1
1731169563859 1402.5137729644775 1
1731169563921 1404.0355232954025 1
1731169563976 1405.6390174627304 1
1731169564005 1407.1979937553406 1
1731169564028 1408.7664160728455 1
1731169564052 1410.3064721822739 1
1731169564074 1411.940930366516 1
1731169564096 1413.4748805761337 1
1731169564116 1414.9887039661407 1
1731169564146 1416.5568177700043 1
1731169564179 1418.0669479370117 1
1731169564256 1419.6007153987885 1
1731169564286 1421.1397795677185 1
1731169564311 1422.6470794677734 1
1731169564337 1424.3254134654999 1
1731169564357 1425.89670586586 1
1731169564378 1427.4550013542175 1
1731169564422 1429.0394053459167 1
1731169564452 1430.5603040456772 1
1731169564478 1432.0724588632584 1
1731169564502 1433.5837082862854 1
1731169564581 1435.0986852645874 1
1731169564633 1436.5939844846725 1
1731169564663 1438.1763209104538 1
1731169564688 1439.6875735521317 1
1731169564718 1441.180594444275 1
1731169564746 1442.7236154079437 1
1731169564768 1444.2871820926666 1
1731169564802 1445.8670694828033 1
1731169564838 1447.4466837644577 1
1731169564866 1449.058571100235 1
1731169564893 1450.6386650800705 1
1731169564914 1452.1477295160294 1
1731169564937 1453.7310131788254 1
1731169564962 1455.3081356287003 1
1731169564983 1456.9011017084122 1
1731169565007 1458.4816254377365 1
1731169565030 1460.0070033073425 1
1731169565057 1461.5567828416824 1
1731169565083 1463.1402183771133 1
1731169565121 1464.7049944400787 1
1731169565144 1466.2827842235565 1
1731169565165 1467.8569433689117 1
1731169565218 1469.412959098816 1
1731169565251 1471.0427383184433 1
1731169565272 1472.6285934448242 1
1731169565299 1474.20765042305 1
1731169565326 1475.7299587726593 1
1731169565349 1477.289464712143 1
1731169565372 1478.8289279937744 1
1731169565393 1480.3715147972107 1
1731169565429 1481.9196115732193 1
1731169565458 1483.4884250164032 1
1731169565478 1485.0740669965744 1
1731169565507 1486.6243464946747 1
1731169565540 1488.1529567241669 1
1731169565566 1489.647281885147 1
1731169565591 1491.201622724533 1
1731169565621 1492.7769581079483 1
1731169565656 1494.2992351055145 1
1731169565684 1495.8525140285492 1
1731169565708 1497.4166073799133 1
1731169565733 1498.9661382436752 1
1731169565764 1500.5013447999954 1
1731169565793 1502.0160093307495 1
1731169565829 1.5406396389007568 2
1731169565851 3.0690085887908936 2
1731169565874 4.610825538635254 2
1731169565908 6.190833568572998 2
1731169565942 7.802100300788879 2
1731169565985 9.321571707725525 2
1731169566009 10.883652806282043 2
1731169566036 12.392789721488953 2
1731169566062 13.905808329582214 2
1731169566086 15.440338850021362 2
1731169566111 16.985294222831726 2
1731169566138 18.50520133972168 2
1731169566168 20.08980882167816 2
1731169566213 21.62238311767578 2
1731169566241 23.198535919189453 2
1731169566275 24.76717782020569 2
1731169566295 26.29553472995758 2
1731169566332 27.78637421131134 2
1731169566357 29.305513501167297 2
1731169566386 30.87404215335846 2
1731169566416 32.42580592632294 2
1731169566442 34.066102743148804 2
1731169566468 35.589653968811035 2
1731169566496 37.08613693714142 2
1731169566522 38.63750457763672 2
1731169566605 40.25218605995178 2
1731169566635 41.81467258930206 2
1731169566668 43.384273529052734 2
1731169566692 44.8948757648468 2
1731169566720 46.40065896511078 2
1731169566748 47.93828272819519 2
1731169566774 49.46856999397278 2
1731169566803 51.002989649772644 2
1731169566830 52.48367178440094 2
1731169566862 53.982035398483276 2
1731169566889 55.52105236053467 2
1731169566912 57.05437481403351 2
1731169566939 58.647381067276 2
1731169566959 60.157265186309814 2
1731169566993 61.71642529964447 2
1731169567021 63.24114632606506 2
1731169567103 64.78216981887817 2
1731169567122 66.27911067008972 2
1731169567183 67.85514867305756 2
1731169567234 69.40206396579742 2
1731169567290 70.98119044303894 2
