1731157635881 0.7631833333333333 0
1731157685155 0.88535 0
1731157743948 0.9024666666666666 0
1731157802348 0.91125 0
1731157861583 0.917 0
1731157920619 0.92175 0
1731157978839 0.9251833333333334 0
1731158037232 0.9280666666666667 0
1731158096199 0.93075 0
1731158152271 0.9335666666666667 0
1731158217781 0.9356833333333333 0
1731158280227 0.93775 0
1731158357792 0.93975 0
1731158420786 0.9408 0
1731158478659 0.9426833333333333 0
1731158537900 0.9441333333333334 0
1731158601368 0.9452 0
1731158661203 0.9469166666666666 0
1731158716784 0.94725 0
1731158776096 0.9482666666666667 0
1731158840109 0.9498666666666666 0
1731158906313 0.9505 0
1731158966892 0.95115 0
1731159026338 0.9519833333333333 0
1731159079370 0.9530333333333333 0
1731159130431 0.9535666666666667 0
1731159182111 0.95425 0
1731159234979 0.9547666666666667 0
1731159287321 0.9557333333333333 0
1731159369961 0.9558666666666666 0
1731159425088 0.9566333333333333 0
1731159483026 0.95715 0
1731159567896 0.95765 0
1731159642292 0.9580833333333333 0
1731159693665 0.9586166666666667 0
1731159745625 0.9589833333333333 0
1731159795975 0.9595833333333333 0
1731159847960 0.9595 0
1731159899870 0.9604833333333334 0
1731159960488 0.9608 0
1731160019245 0.9614166666666667 0
1731160076370 0.96135 0
1731160131672 0.9617833333333333 0
1731160186723 0.9621833333333333 0
1731160241496 0.9622 0
1731160295952 0.9631166666666666 0
1731160352987 0.9633166666666667 0
1731160407220 0.96365 0
1731160460078 0.9636 0
1731160512847 0.9643 0
