1731157635878 1.04595120083491 0
1731157685149 0.4604305154879888 0
1731157743944 0.3655840161641439 0
1731157802342 0.3236705617308617 0
1731157861571 0.29812336315313975 0
1731157920613 0.279822604316473 0
1731157978834 0.2658112622519334 0
1731158037227 0.25414820020397505 0
1731158096194 0.2443382544239362 0
1731158152267 0.23578043459951878 0
1731158217770 0.228369154103597 0
1731158280222 0.2215781316657861 0
1731158357785 0.215503234693408 0
1731158420782 0.21001213067770005 0
1731158478654 0.20508422848582267 0
1731158537894 0.2003360111773014 0
1731158601363 0.19606503099898498 0
1731158661196 0.19192104955911637 0
1731158716779 0.18814794437885285 0
1731158776089 0.18467444225947063 0
1731158840104 0.18124769996007284 0
1731158906309 0.17812467975815138 0
1731158966886 0.1751930228213469 0
1731159026334 0.17228235512673853 0
1731159079365 0.16982851846814156 0
1731159130425 0.1674380450854699 0
1731159182107 0.1647059753268957 0
1731159234974 0.16262896859049797 0
1731159287315 0.16037936407625675 0
1731159369958 0.1583650219808022 0
1731159425078 0.15619802244007588 0
1731159483020 0.1543602860574921 0
1731159567891 0.1526765093266964 0
1731159642288 0.15095178589920202 0
1731159693660 0.14915247887521982 0
1731159745620 0.147636808142066 0
1731159795970 0.14605726713935535 0
1731159847955 0.1445606604129076 0
1731159899865 0.14321659778704246 0
1731159960484 0.14176779518177113 0
1731160019232 0.14029721594204506 0
1731160076365 0.13902992169161638 0
1731160131667 0.13787796198328336 0
1731160186719 0.13664062847147385 0
1731160241492 0.13570874951829512 0
1731160295948 0.1343420153622826 0
1731160352982 0.133456259833773 0
1731160407215 0.13226753742545844 0
1731160460073 0.13142966169565917 0
1731160512842 0.13026701539605856 0
