1731166728076 6.0 0
1731166728141 13.0 0
1731166728200 18.0 0
1731166728237 24.0 0
1731166728269 32.0 0
1731166728319 33.0 0
1731166728396 37.0 0
1731166728439 42.0 0
1731166728463 46.0 0
1731166728489 48.0 0
1731166728519 54.0 0
1731166728550 61.0 0
1731166728579 65.0 0
1731166728626 75.0 0
1731166728657 82.0 0
1731166728687 88.0 0
1731166728734 96.0 0
1731166728797 102.0 0
1731166728834 108.0 0
1731166728861 116.0 0
1731166728891 124.0 0
1731166728943 130.0 0
1731166728969 137.0 0
1731166729018 140.0 0
1731166729271 151.0 0
1731166729316 159.0 0
1731166729349 168.0 0
1731166729383 176.0 0
1731166729429 182.0 0
1731166729624 186.0 0
1731166729667 191.0 0
1731166729692 199.0 0
1731166729715 205.0 0
1731166729744 214.0 0
1731166729804 223.0 0
1731166729837 232.0 0
1731166729875 241.0 0
1731166729922 246.0 0
1731166729956 254.0 0
1731166730044 257.0 0
1731166730088 263.0 0
1731166730110 267.0 0
1731166730133 271.0 0
1731166730154 276.0 0
1731166730189 282.0 0
1731166730251 291.0 0
1731166730307 297.0 0
1731166730330 302.0 0
1731166730351 307.0 0
1731166730372 311.0 0
1731166730415 320.0 0
1731166730452 320.0 0
1731166730477 326.0 0
1731166730498 330.0 0
1731166730536 334.0 0
1731166730565 337.0 0
1731166730594 343.0 0
1731166730625 349.0 0
1731166730664 354.0 0
1731166730691 360.0 0
1731166730713 363.0 0
1731166730741 377.0 0
1731166730768 384.0 0
1731166730796 394.0 0
1731166730825 400.0 0
1731166730849 405.0 0
1731166730885 414.0 0
1731166730920 417.0 0
1731166730948 419.0 0
1731166730981 425.0 0
1731166731012 431.0 0
1731166731050 441.0 0
1731166731078 453.0 0
1731166731105 459.0 0
1731166731140 465.0 0
1731166731167 471.0 0
1731166731195 477.0 0
1731166731220 486.0 0
1731166731243 495.0 0
1731166731266 500.0 0
1731166731296 511.0 0
1731166731317 517.0 0
1731166731341 525.0 0
1731166731366 529.0 0
1731166731395 538.0 0
1731166731422 546.0 0
1731166731465 553.0 0
1731166731489 560.0 0
1731166731516 571.0 0
1731166731552 583.0 0
1731166731591 587.0 0
1731166731626 593.0 0
1731166731731 601.0 0
1731166731755 604.0 0
1731166731776 607.0 0
1731166731801 611.0 0
1731166731831 621.0 0
1731166731854 624.0 0
1731166731877 628.0 0
1731166731903 634.0 0
1731166731922 641.0 0
1731166731963 651.0 0
1731166731993 655.0 0
1731166732026 658.0 0
1731166732063 664.0 0
1731166732084 676.0 0
1731166732107 682.0 0
1731166732130 694.0 0
1731166732153 702.0 0
1731166732174 705.0 0
1731166732198 711.0 0
1731166732221 718.0 0
1731166732249 724.0 0
1731166732271 728.0 0
1731166732296 733.0 0
1731166732327 738.0 0
1731166732358 746.0 0
1731166732393 753.0 0
1731166732418 757.0 0
1731166732441 764.0 0
1731166732466 770.0 0
1731166732489 777.0 0
1731166732514 786.0 0
1731166732535 789.0 0
1731166732578 797.0 0
1731166732608 806.0 0
1731166732645 814.0 0
1731166732676 820.0 0
1731166732713 825.0 0
1731166732741 830.0 0
1731166732781 835.0 0
1731166732821 843.0 0
1731166732849 851.0 0
1731166732885 853.0 0
1731166732913 858.0 0
1731166732935 868.0 0
1731166732957 871.0 0
1731166732980 879.0 0
1731166733002 882.0 0
1731166733029 889.0 0
1731166733058 893.0 0
1731166733096 900.0 0
1731166733130 906.0 0
1731166733156 909.0 0
1731166733187 917.0 0
1731166733216 922.0 0
1731166733249 933.0 0
1731166733275 938.0 0
1731166733321 944.0 0
1731166733356 954.0 0
1731166733419 957.0 0
1731166733451 965.0 0
1731166733489 975.0 0
1731166733526 984.0 0
1731166733559 989.0 0
1731166733591 995.0 0
1731166733631 1000.0 0
1731166733654 1004.0 0
1731166733695 1007.0 0
1731166733729 1017.0 0
1731166733761 1023.0 0
1731166733797 1034.0 0
1731166733832 1035.0 0
1731166733862 1042.0 0
1731166733901 1045.0 0
1731166733934 1050.0 0
1731166733977 1059.0 0
1731166734007 1066.0 0
1731166734051 1071.0 0
1731166734082 1076.0 0
1731166734107 1086.0 0
1731166734132 1091.0 0
1731166734156 1097.0 0
1731166734186 1101.0 0
1731166734218 1110.0 0
1731166734243 1113.0 0
1731166734267 1119.0 0
1731166734305 1124.0 0
1731166734344 1130.0 0
1731166734379 1138.0 0
1731166734421 1147.0 0
1731166734451 1159.0 0
1731166734485 1165.0 0
1731166734513 1172.0 0
1731166734535 1175.0 0
1731166734569 1184.0 0
1731166734597 1191.0 0
1731166734628 1195.0 0
1731166734657 1201.0 0
1731166734698 1209.0 0
1731166734729 1213.0 0
1731166734761 1221.0 0
1731166734795 1229.0 0
1731166734822 1234.0 0
1731166734864 1238.0 0
1731166734898 1248.0 0
1731166734927 1255.0 0
1731166734965 1263.0 0
1731166734996 1267.0 0
1731166735027 1272.0 0
1731166735057 1278.0 0
1731166735082 1284.0 0
1731166735107 1285.0 0
1731166735134 1291.0 0
1731166735160 1296.0 0
1731166735189 1307.0 0
1731166735215 1316.0 0
1731166735249 1322.0 0
1731166735279 1328.0 0
1731166735310 1336.0 0
1731166735342 1342.0 0
1731166735370 1350.0 0
1731166735396 1355.0 0
1731166735424 1357.0 0
1731166735453 1364.0 0
1731166735476 1372.0 0
1731166735507 1380.0 0
1731166735541 1386.0 0
1731166735569 1393.0 0
1731166735605 1404.0 0
1731166735632 1408.0 0
1731166735664 1416.0 0
1731166735697 1419.0 0
1731166735741 1419.0 0
1731166735783 1427.0 0
1731166735816 1434.0 0
1731166735840 1439.0 0
1731166735895 1448.0 0
1731166735924 1454.0 0
1731166735957 1459.0 0
1731166736003 1464.0 0
1731166736034 1469.0 0
1731166736072 1475.0 0
1731166736106 1480.0 0
1731166736216 1484.0 0
1731166736240 1494.0 0
1731166736266 1499.0 0
1731166736292 1501.0 0
1731166736320 1503.0 0
1731166736357 1505.0 0
1731166736393 1511.0 0
1731166736421 1513.0 0
1731166736449 1517.0 0
1731166736474 1522.0 0
1731166736504 1525.0 0
1731166736533 1534.0 0
1731166736567 1542.0 0
1731166736608 1550.0 0
1731166736637 1560.0 0
1731166736672 1569.0 0
1731166736709 1574.0 0
1731166736737 1584.0 0
1731166736762 1590.0 0
1731166736786 1594.0 0
1731166736817 1600.0 0
1731166736859 1608.0 0
1731166736947 1614.0 0
1731166736964 1621.0 0
1731166736996 1624.0 0
1731166737019 1627.0 0
1731166737041 1633.0 0
1731166737069 1639.0 0
1731166737122 1648.0 0
1731166737150 1656.0 0
1731166737195 1664.0 0
1731166737240 1670.0 0
1731166737272 1681.0 0
1731166737308 1690.0 0
1731166737349 1698.0 0
1731166737386 1704.0 0
1731166737416 1716.0 0
1731166737442 1722.0 0
1731166737483 1730.0 0
1731166737512 1736.0 0
1731166737551 1741.0 0
1731166737574 1746.0 0
1731166737597 1751.0 0
1731166737621 1760.0 0
1731166737647 1764.0 0
1731166737668 1772.0 0
1731166737697 1777.0 0
1731166737727 1782.0 0
1731166737758 1787.0 0
1731166737838 1791.0 0
1731166737855 1800.0 0
1731166737882 1802.0 0
1731166737897 1811.0 0
1731166737918 1817.0 0
1731166737956 1820.0 0
1731166738047 1827.0 0
1731166738083 1832.0 0
1731166738098 1837.0 0
1731166738110 1838.0 0
1731166738132 1842.0 0
1731166738148 1848.0 0
1731166738173 1855.0 0
1731166738212 1859.0 0
1731166738233 1862.0 0
1731166738260 1865.0 0
1731166738278 1870.0 0
1731166738310 1878.0 0
1731166738374 1880.0 0
1731166738407 1888.0 0
1731166738451 1894.0 0
1731166738596 1899.0 0
1731166738662 1904.0 0
1731166738709 1912.0 0
1731166738748 1917.0 0
1731166738792 1925.0 0
1731166738843 1932.0 0
1731166738922 1934.0 0
1731166739015 1937.0 0
1731166739039 1948.0 0
1731166739076 1953.0 0
1731166739170 1960.0 0
1731166739252 1967.0 0
1731166739375 1969.0 0
1731166739437 1976.0 0
1731166739473 1987.0 0
1731166739529 1995.0 0
1731166739626 2000.0 0
1731166739762 2007.0 0
1731166739824 2010.0 0
1731166739882 2017.0 0
1731166740016 2026.0 0
1731166740073 2030.0 0
1731166740121 2034.0 0
1731166740143 2043.0 0
1731166740165 2051.0 0
1731166740197 2059.0 0
1731166740233 2062.0 0
1731166740268 2066.0 0
1731166740298 2070.0 0
1731166740329 2082.0 0
1731166740359 2086.0 0
1731166740393 2091.0 0
1731166740419 2101.0 0
1731166740454 2110.0 0
1731166740491 2117.0 0
1731166740520 2129.0 0
1731166740557 2135.0 0
1731166740594 2141.0 0
1731166740629 2147.0 0
1731166740658 2152.0 0
1731166740686 2155.0 0
1731166740717 2161.0 0
1731166740738 2168.0 0
1731166740765 2180.0 0
1731166740824 2185.0 0
1731166740845 2190.0 0
1731166740874 2202.0 0
1731166740902 2211.0 0
1731166740939 2217.0 0
1731166740964 2223.0 0
1731166740994 2227.0 0
1731166741030 2238.0 0
1731166741060 2247.0 0
1731166741091 2249.0 0
1731166741125 2259.0 0
1731166741157 2268.0 0
1731166741185 2274.0 0
1731166741205 2279.0 0
1731166741227 2285.0 0
1731166741249 2291.0 0
1731166741270 2296.0 0
1731166741292 2301.0 0
1731166741313 2306.0 0
1731166741337 2312.0 0
1731166741361 2320.0 0
1731166741412 2324.0 0
1731166741438 2328.0 0
1731166741485 2339.0 0
1731166741533 2344.0 0
1731166741566 2348.0 0
1731166741590 2358.0 0
1731166741614 2367.0 0
1731166741714 2371.0 0
1731166741884 2380.0 0
1731166742001 2388.0 0
1731166742115 2397.0 0
1731166742150 2407.0 0
1731166742200 2415.0 0
1731166742238 2422.0 0
1731166742320 2431.0 0
1731166742346 2435.0 0
1731166742379 2446.0 0
1731166742402 2452.0 0
1731166742432 2457.0 0
1731166742468 2463.0 0
1731166742518 2470.0 0
1731166742627 2477.0 0
1731166742644 2480.0 0
1731166742668 2483.0 0
1731166742691 2489.0 0
1731166742726 2493.0 0
1731166742819 2498.0 0
1731166742957 2506.0 0
1731166743005 2511.0 0
1731166743033 2518.0 0
1731166743075 2526.0 0
1731166743109 2533.0 0
1731166743185 2538.0 0
1731166743209 2545.0 0
1731166743231 2550.0 0
1731166743254 2556.0 0
1731166743278 2559.0 0
1731166743311 2565.0 0
1731166743336 2569.0 0
1731166743378 2574.0 0
1731166743406 2581.0 0
1731166743434 2588.0 0
1731166743457 2591.0 0
1731166743479 2595.0 0
1731166743504 2604.0 0
1731166743525 2611.0 0
1731166743548 2616.0 0
1731166743575 2625.0 0
1731166743597 2632.0 0
1731166743618 2637.0 0
1731166743641 2643.0 0
1731166743668 2650.0 0
1731166743692 2655.0 0
1731166743747 2662.0 0
1731166743775 2665.0 0
1731166743800 2667.0 0
1731166743840 2675.0 0
1731166743872 2677.0 0
1731166743911 2685.0 0
1731166743943 2692.0 0
1731166743982 2698.0 0
1731166744016 2704.0 0
1731166744044 2711.0 0
1731166744072 2719.0 0
1731166744097 2723.0 0
1731166744131 2728.0 0
1731166744160 2737.0 0
1731166744189 2746.0 0
1731166744217 2752.0 0
1731166744246 2762.0 0
1731166744273 2771.0 0
1731166744305 2773.0 0
1731166744339 2781.0 0
1731166744372 2785.0 0
1731166744405 2790.0 0
1731166744432 2799.0 0
1731166744455 2803.0 0
1731166744480 2807.0 0
1731166744502 2810.0 0
1731166744525 2815.0 0
1731166744546 2820.0 0
1731166744611 2827.0 0
1731166744642 2833.0 0
1731166744668 2836.0 0
1731166744696 2843.0 0
1731166744724 2847.0 0
1731166744745 2850.0 0
1731166744770 2859.0 0
1731166744791 2869.0 0
1731166744819 2877.0 0
1731166744856 2882.0 0
1731166744884 2888.0 0
1731166744922 2892.0 0
1731166744943 2895.0 0
1731166744967 2905.0 0
1731166745002 2910.0 0
1731166745026 2917.0 0
1731166745070 2920.0 0
1731166745106 2929.0 0
1731166745142 2931.0 0
1731166745176 2939.0 0
1731166745205 2945.0 0
1731166745233 2950.0 0
1731166745264 2956.0 0
1731166745318 2961.0 0
1731166745360 2968.0 0
1731166745398 2976.0 0
1731166745436 2979.0 0
1731166745460 2986.0 0
1731166745482 2997.0 0
1731166745524 3003.0 0
1731166745550 3010.0 0
1731166745578 3015.0 0
1731166745607 3019.0 0
1731166745631 3024.0 0
1731166745669 3031.0 0
1731166745705 3036.0 0
1731166745748 3043.0 0
1731166745793 3049.0 0
1731166745820 3053.0 0
1731166745853 3063.0 0
1731166745898 3071.0 0
1731166745934 3076.0 0
1731166745970 3082.0 0
1731166746006 3091.0 0
1731166746057 3096.0 0
1731166746083 3103.0 0
1731166746109 3108.0 0
1731166746131 3110.0 0
1731166746159 3118.0 0
1731166746189 3125.0 0
1731166746221 3132.0 0
1731166746248 3138.0 0
1731166746296 3149.0 0
1731166746319 3155.0 0
1731166746341 3160.0 0
1731166746364 3168.0 0
1731166746395 3178.0 0
1731166746425 3179.0 0
1731166746461 3187.0 0
1731166746501 3197.0 0
1731166746527 3204.0 0
1731166746565 3210.0 0
1731166746595 3212.0 0
1731166746631 3216.0 0
1731166746666 3224.0 0
1731166746735 3233.0 0
1731166746772 3237.0 0
1731166746795 3241.0 0
1731166746829 3248.0 0
1731166746853 3252.0 0
1731166746888 3256.0 0
1731166746910 3258.0 0
1731166746937 3262.0 0
1731166746962 3267.0 0
1731166746987 3271.0 0
1731166747015 3279.0 0
1731166747048 3281.0 0
1731166747092 3284.0 0
1731166747130 3286.0 0
1731166747162 3286.0 0
1731166747208 3293.0 0
1731166747270 3299.0 0
1731166747308 3302.0 0
1731166747335 3310.0 0
1731166747371 3315.0 0
1731166747398 3322.0 0
1731166747420 3327.0 0
1731166747450 3336.0 0
1731166747478 3344.0 0
1731166747505 3352.0 0
1731166747531 3358.0 0
1731166747554 3366.0 0
1731166747579 3371.0 0
1731166747602 3380.0 0
1731166747662 3385.0 0
1731166747694 3391.0 0
1731166747723 3396.0 0
1731166747757 3403.0 0
1731166747791 3411.0 0
1731166747827 3415.0 0
1731166747857 3421.0 0
1731166747887 3427.0 0
1731166747916 3435.0 0
1731166747954 3442.0 0
1731166747996 3449.0 0
1731166748032 3455.0 0
1731166748070 3461.0 0
1731166748093 3467.0 0
1731166748117 3473.0 0
1731166748149 3480.0 0
1731166748171 3485.0 0
1731166748199 3492.0 0
1731166748224 3495.0 0
1731166748260 3503.0 0
1731166748287 3509.0 0
1731166748314 3513.0 0
1731166748350 3519.0 0
1731166748396 3528.0 0
1731166748425 3535.0 0
1731166748447 3542.0 0
1731166748468 3547.0 0
1731166748489 3552.0 0
1731166748512 3559.0 0
1731166748536 3564.0 0
1731166748567 3570.0 0
1731166748588 3579.0 0
1731166748610 3586.0 0
1731166748638 3593.0 0
1731166748659 3601.0 0
1731166748684 3607.0 0
1731166748711 3620.0 0
1731166748737 3625.0 0
1731166748766 3633.0 0
1731166748793 3637.0 0
1731166748819 3643.0 0
1731166748846 3646.0 0
1731166748881 3653.0 0
1731166748920 3661.0 0
1731166748959 3663.0 0
1731166748982 3669.0 0
1731166749008 3676.0 0
1731166749035 3680.0 0
1731166749071 3685.0 0
1731166749105 3697.0 0
1731166749149 3701.0 0
1731166749173 3707.0 0
1731166749200 3714.0 0
1731166749223 3721.0 0
1731166749247 3726.0 0
1731166749272 3731.0 0
1731166749295 3736.0 0
1731166749319 3738.0 0
1731166749343 3745.0 0
1731166749371 3753.0 0
1731166749391 3762.0 0
1731166749415 3768.0 0
1731166749466 3777.0 0
1731166749490 3781.0 0
1731166749513 3787.0 0
1731166749538 3795.0 0
1731166749566 3800.0 0
1731166749591 3806.0 0
1731166749616 3811.0 0
1731166749644 3817.0 0
1731166749677 3824.0 0
1731166749702 3828.0 0
1731166749744 3831.0 0
1731166749793 3847.0 0
1731166749824 3852.0 0
1731166749847 3860.0 0
1731166749881 3868.0 0
1731166749902 3876.0 0
1731166749937 3881.0 0
1731166750010 3887.0 0
1731166750038 3892.0 0
1731166750078 3897.0 0
1731166750094 3902.0 0
1731166750103 3914.0 0
1731166750139 3922.0 0
1731166750164 3932.0 0
1731166750256 3941.0 0
1731166750280 3951.0 0
1731166750310 3953.0 0
1731166750336 3958.0 0
1731166750361 3963.0 0
1731166750386 3966.0 0
1731166750406 3977.0 0
1731166750426 3985.0 0
1731166750457 3990.0 0
1731166750477 3993.0 0
1731166750494 4000.0 0
1731166750518 4006.0 0
1731166750549 4015.0 0
1731166750574 4019.0 0
1731166750600 4027.0 0
1731166750664 4031.0 0
1731166750738 4041.0 0
1731166750759 4049.0 0
1731166750777 4055.0 0
1731166750799 4058.0 0
1731166750815 4064.0 0
1731166750834 4067.0 0
1731166750845 4072.0 0
1731166750863 4076.0 0
1731166750892 4079.0 0
1731166750911 4084.0 0
1731166750934 4093.0 0
1731166750957 4099.0 0
1731166750980 4101.0 0
1731166751010 4108.0 0
1731166751041 4112.0 0
1731166751105 4121.0 0
1731166751153 4127.0 0
1731166751223 4129.0 0
1731166751250 4140.0 0
1731166751277 4151.0 0
1731166751306 4156.0 0
1731166751339 4162.0 0
1731166751376 4167.0 0
1731166751410 4172.0 0
1731166751446 4179.0 0
1731166751485 4186.0 0
1731166751507 4190.0 0
1731166751543 4194.0 0
1731166751577 4198.0 0
1731166751624 4207.0 0
1731166751649 4214.0 0
1731166751709 4219.0 0
1731166751747 4226.0 0
1731166751921 4231.0 0
1731166751966 4238.0 0
1731166752006 4251.0 0
1731166752032 4260.0 0
1731166752078 4265.0 0
1731166752112 4270.0 0
1731166752153 4275.0 0
1731166752192 4282.0 0
1731166752345 4287.0 0
1731166752466 4294.0 0
1731166752657 4296.0 0
1731166752770 4301.0 0
1731166752914 4310.0 0
1731166753007 4316.0 0
1731166753122 4322.0 0
1731166753212 4328.0 0
1731166753263 4335.0 0
1731166753303 4341.0 0
1731166753405 4348.0 0
1731166753522 4354.0 0
1731166753620 4359.0 0
1731166753778 4369.0 0
1731166753911 4377.0 0
1731166754057 4386.0 0
1731166754114 4390.0 0
1731166754202 4394.0 0
1731166754287 4400.0 0
1731166754363 4407.0 0
1731166754393 4412.0 0
1731166754416 4419.0 0
1731166754437 4424.0 0
1731166754465 4433.0 0
1731166754486 4436.0 0
1731166754514 4446.0 0
1731166754539 4452.0 0
1731166754560 4460.0 0
1731166754590 4468.0 0
1731166754620 4476.0 0
1731166754646 4483.0 0
1731166754692 4488.0 0
1731166754731 4495.0 0
1731166754756 4500.0 0
1731166754781 4510.0 0
1731166754804 4512.0 0
1731166754827 4526.0 0
1731166754848 4530.0 0
1731166754871 4534.0 0
1731166754894 4540.0 0
1731166754923 4542.0 0
1731166754945 4551.0 0
1731166754969 4553.0 0
1731166754995 4557.0 0
1731166755021 4563.0 0
1731166755045 4572.0 0
1731166755070 4577.0 0
1731166755101 4582.0 0
1731166755132 4588.0 0
1731166755167 4595.0 0
1731166755200 4597.0 0
1731166755229 4602.0 0
1731166755263 4609.0 0
1731166755293 4617.0 0
1731166755318 4622.0 0
1731166755344 4627.0 0
1731166755369 4631.0 0
1731166755417 4643.0 0
1731166755440 4651.0 0
1731166755491 4661.0 0
1731166755516 4669.0 0
1731166755560 4674.0 0
1731166755587 4678.0 0
1731166755613 4686.0 0
1731166755638 4693.0 0
1731166755670 4696.0 0
1731166755713 4703.0 0
1731166755743 4709.0 0
1731166755794 4715.0 0
1731166755835 4722.0 0
1731166755862 4729.0 0
1731166755885 4738.0 0
1731166755911 4747.0 0
1731166755938 4756.0 0
1731166755968 4761.0 0
1731166756005 4769.0 0
1731166756033 4770.0 0
1731166756078 4776.0 0
1731166756112 4781.0 0
1731166756137 4789.0 0
1731166756171 4793.0 0
1731166756201 4800.0 0
1731166756234 4805.0 0
1731166756262 4810.0 0
1731166756291 4814.0 0
1731166756315 4819.0 0
1731166756342 4827.0 0
1731166756371 4830.0 0
1731166756403 4836.0 0
1731166756428 4847.0 0
1731166756452 4854.0 0
1731166756474 4860.0 0
1731166756496 4864.0 0
1731166756518 4871.0 0
1731166756540 4875.0 0
1731166756564 4882.0 0
1731166756599 4888.0 0
1731166756624 4892.0 0
1731166756660 4901.0 0
1731166756692 4904.0 0
1731166756716 4910.0 0
1731166756737 4915.0 0
1731166756761 4924.0 0
1731166756783 4932.0 0
1731166756868 4940.0 0
1731166756901 4948.0 0
1731166756923 4952.0 0
1731166756948 4957.0 0
1731166756972 4962.0 0
1731166757003 4970.0 0
1731166757029 4976.0 0
1731166757057 4984.0 0
1731166757092 4992.0 0
1731166757114 4999.0 0
1731166757144 5007.0 0
1731166757172 5016.0 0
1731166757197 5024.0 0
1731166757218 5032.0 0
1731166757239 5036.0 0
1731166757277 5041.0 0
1731166757306 5045.0 0
1731166757334 5048.0 0
1731166757360 5055.0 0
1731166757389 5063.0 0
1731166757451 5065.0 0
1731166757483 5073.0 0
1731166757531 5076.0 0
1731166757573 5083.0 0
1731166757597 5089.0 0
1731166757637 5095.0 0
1731166757660 5098.0 0
1731166757694 5107.0 0
1731166757725 5113.0 0
1731166757775 5119.0 0
1731166757810 5125.0 0
1731166757832 5128.0 0
1731166757858 5134.0 0
1731166757882 5140.0 0
1731166757912 5149.0 0
1731166757934 5157.0 0
1731166757954 5162.0 0
1731166757971 5174.0 0
1731166757997 5185.0 0
1731166758019 5187.0 0
1731166758041 5190.0 0
1731166758060 5203.0 0
1731166758087 5212.0 0
1731166758116 5217.0 0
1731166758141 5223.0 0
1731166758166 5225.0 0
1731166758189 5234.0 0
1731166758211 5243.0 0
1731166758234 5248.0 0
1731166758258 5249.0 0
1731166758280 5255.0 0
1731166758308 5261.0 0
1731166758333 5268.0 0
1731166758357 5273.0 0
1731166758385 5283.0 0
1731166758417 5288.0 0
1731166758447 5295.0 0
1731166758470 5299.0 0
1731166758492 5303.0 0
1731166758524 5310.0 0
1731166758549 5315.0 0
1731166758576 5325.0 0
1731166758601 5337.0 0
1731166758626 5340.0 0
1731166758653 5345.0 0
1731166758679 5352.0 0
1731166758705 5356.0 0
1731166758740 5359.0 0
1731166758766 5365.0 0
1731166758801 5367.0 0
1731166758829 5370.0 0
1731166758862 5375.0 0
1731166758892 5379.0 0
1731166758925 5386.0 0
1731166758950 5390.0 0
1731166758975 5394.0 0
1731166759001 5401.0 0
1731166759030 5408.0 0
1731166759056 5417.0 0
1731166759084 5424.0 0
1731166759108 5429.0 0
1731166759137 5439.0 0
1731166759162 5451.0 0
1731166759192 5459.0 0
1731166759216 5463.0 0
1731166759252 5470.0 0
1731166759275 5474.0 0
1731166759306 5476.0 0
1731166759338 5480.0 0
1731166759367 5487.0 0
1731166759402 5493.0 0
1731166759433 5501.0 0
1731166759461 5510.0 0
1731166759491 5512.0 0
1731166759524 5520.0 0
1731166759553 5524.0 0
1731166759582 5529.0 0
1731166759609 5538.0 0
1731166759628 5547.0 0
1731166759648 5551.0 0
1731166759669 5555.0 0
1731166759694 5560.0 0
1731166759728 5572.0 0
1731166759767 5574.0 0
1731166759804 5578.0 0
1731166759832 5579.0 0
1731166759863 5583.0 0
1731166759891 5586.0 0
1731166759924 5589.0 0
1731166759955 5593.0 0
1731166759997 5599.0 0
1731166760024 5607.0 0
1731166760050 5615.0 0
1731166760081 5622.0 0
1731166760101 5629.0 0
1731166760122 5632.0 0
1731166760142 5636.0 0
1731166760162 5640.0 0
1731166760182 5646.0 0
1731166760206 5655.0 0
1731166760245 5662.0 0
1731166760271 5666.0 0
1731166760315 5672.0 0
1731166760344 5679.0 0
1731166760373 5685.0 0
1731166760402 5696.0 0
1731166760430 5702.0 0
1731166760467 5705.0 0
1731166760515 5713.0 0
1731166760562 5721.0 0
1731166760589 5730.0 0
1731166760624 5738.0 0
1731166760677 5743.0 0
1731166760705 5748.0 0
1731166760729 5752.0 0
1731166760759 5759.0 0
1731166760796 5769.0 0
1731166760824 5773.0 0
1731166760867 5779.0 0
1731166760911 5788.0 0
1731166760938 5792.0 0
1731166760965 5802.0 0
1731166760988 5812.0 0
1731166761019 5820.0 0
1731166761045 5833.0 0
1731166761064 5839.0 0
1731166761093 5845.0 0
1731166761132 7.0 1
1731166761155 11.0 1
1731166761181 17.0 1
1731166761208 27.0 1
1731166761234 29.0 1
1731166761265 35.0 1
1731166761300 40.0 1
1731166761346 44.0 1
1731166761365 50.0 1
1731166761395 61.0 1
1731166761418 70.0 1
1731166761438 77.0 1
1731166761460 82.0 1
1731166761482 84.0 1
1731166761504 92.0 1
1731166761524 97.0 1
1731166761546 103.0 1
1731166761571 110.0 1
1731166761603 116.0 1
1731166761631 122.0 1
1731166761663 124.0 1
1731166761690 126.0 1
1731166761713 131.0 1
1731166761735 137.0 1
1731166761756 140.0 1
1731166761777 147.0 1
1731166761801 154.0 1
1731166761821 160.0 1
1731166761846 169.0 1
1731166761869 172.0 1
1731166761896 179.0 1
1731166761924 181.0 1
1731166761957 187.0 1
1731166762002 191.0 1
1731166762039 196.0 1
1731166762074 204.0 1
1731166762095 210.0 1
1731166762122 216.0 1
1731166762147 219.0 1
1731166762178 224.0 1
1731166762201 229.0 1
1731166762230 232.0 1
1731166762292 241.0 1
1731166762312 245.0 1
1731166762335 251.0 1
1731166762360 258.0 1
1731166762398 262.0 1
1731166762425 267.0 1
1731166762460 271.0 1
1731166762489 274.0 1
1731166762520 278.0 1
1731166762548 288.0 1
1731166762587 294.0 1
1731166762620 297.0 1
1731166762649 300.0 1
1731166762679 305.0 1
1731166762704 310.0 1
1731166762725 314.0 1
1731166762748 317.0 1
1731166762770 322.0 1
1731166762792 326.0 1
1731166762812 334.0 1
1731166762847 338.0 1
1731166762880 344.0 1
1731166762907 346.0 1
1731166762936 353.0 1
1731166762958 358.0 1
1731166762988 361.0 1
1731166763019 373.0 1
1731166763047 380.0 1
1731166763069 386.0 1
1731166763101 393.0 1
1731166763128 398.0 1
1731166763160 403.0 1
1731166763187 408.0 1
1731166763212 414.0 1
1731166763243 420.0 1
1731166763269 429.0 1
1731166763303 435.0 1
1731166763339 437.0 1
1731166763370 442.0 1
1731166763401 448.0 1
1731166763435 451.0 1
1731166763464 458.0 1
1731166763514 465.0 1
1731166763560 471.0 1
1731166763593 477.0 1
1731166763621 482.0 1
1731166763652 487.0 1
1731166763683 493.0 1
1731166763715 502.0 1
1731166763749 509.0 1
1731166763786 516.0 1
1731166763814 523.0 1
1731166763851 529.0 1
1731166763893 535.0 1
1731166763923 540.0 1
1731166763956 548.0 1
1731166763997 555.0 1
1731166764035 563.0 1
1731166764067 568.0 1
1731166764099 576.0 1
1731166764124 582.0 1
1731166764144 587.0 1
1731166764168 594.0 1
1731166764191 598.0 1
1731166764212 602.0 1
1731166764231 611.0 1
1731166764252 622.0 1
1731166764278 628.0 1
1731166764300 634.0 1
1731166764322 641.0 1
1731166764348 645.0 1
1731166764372 648.0 1
1731166764398 653.0 1
1731166764424 661.0 1
1731166764448 671.0 1
1731166764478 679.0 1
1731166764504 686.0 1
1731166764528 691.0 1
1731166764558 697.0 1
1731166764586 702.0 1
1731166764612 706.0 1
1731166764637 709.0 1
1731166764663 713.0 1
1731166764698 720.0 1
1731166764743 727.0 1
1731166764760 727.0 1
1731166764774 739.0 1
1731166764792 745.0 1
1731166764807 750.0 1
1731166764822 755.0 1
1731166764844 761.0 1
1731166764884 765.0 1
1731166764919 772.0 1
1731166764946 779.0 1
1731166764970 786.0 1
1731166764991 798.0 1
1731166765013 805.0 1
1731166765036 809.0 1
1731166765061 812.0 1
1731166765090 823.0 1
1731166765138 830.0 1
1731166765174 834.0 1
1731166765202 840.0 1
1731166765222 847.0 1
1731166765253 850.0 1
1731166765271 859.0 1
1731166765290 865.0 1
1731166765311 870.0 1
1731166765352 878.0 1
1731166765489 884.0 1
1731166765521 896.0 1
1731166765540 904.0 1
1731166765557 913.0 1
1731166765583 920.0 1
1731166765609 927.0 1
1731166765632 937.0 1
1731166765658 940.0 1
1731166765681 943.0 1
1731166765704 951.0 1
1731166765747 958.0 1
1731166765778 969.0 1
1731166765804 976.0 1
1731166765830 981.0 1
1731166765860 992.0 1
1731166765885 999.0 1
1731166765920 1006.0 1
1731166765941 1015.0 1
1731166765975 1026.0 1
1731166766004 1032.0 1
1731166766026 1041.0 1
1731166766046 1046.0 1
1731166766070 1054.0 1
1731166766103 1057.0 1
1731166766148 1064.0 1
1731166766181 1073.0 1
1731166766217 1083.0 1
1731166766241 1089.0 1
1731166766270 1097.0 1
1731166766298 1102.0 1
1731166766321 1107.0 1
1731166766350 1115.0 1
1731166766374 1122.0 1
1731166766396 1127.0 1
1731166766419 1134.0 1
1731166766446 1141.0 1
1731166766473 1150.0 1
1731166766505 1156.0 1
1731166766531 1162.0 1
1731166766566 1166.0 1
1731166766594 1170.0 1
1731166766621 1175.0 1
1731166766655 1179.0 1
1731166766685 1183.0 1
1731166766708 1190.0 1
1731166766732 1194.0 1
1731166766751 1198.0 1
1731166766769 1201.0 1
1731166766789 1203.0 1
1731166766814 1209.0 1
1731166766838 1214.0 1
1731166766869 1221.0 1
1731166766896 1227.0 1
1731166766922 1235.0 1
1731166766943 1244.0 1
1731166766965 1251.0 1
1731166766990 1254.0 1
1731166767018 1262.0 1
1731166767045 1265.0 1
1731166767073 1271.0 1
1731166767092 1276.0 1
1731166767110 1278.0 1
1731166767129 1286.0 1
1731166767149 1293.0 1
1731166767169 1297.0 1
1731166767188 1301.0 1
1731166767208 1308.0 1
1731166767228 1319.0 1
1731166767246 1325.0 1
1731166767264 1333.0 1
1731166767290 1341.0 1
1731166767309 1344.0 1
1731166767333 1350.0 1
1731166767362 1353.0 1
1731166767390 1361.0 1
1731166767423 1372.0 1
1731166767461 1380.0 1
1731166767488 1383.0 1
1731166767511 1390.0 1
1731166767534 1392.0 1
1731166767555 1399.0 1
1731166767576 1407.0 1
1731166767596 1419.0 1
1731166767620 1423.0 1
1731166767641 1425.0 1
1731166767662 1431.0 1
1731166767683 1435.0 1
1731166767705 1439.0 1
1731166767738 1448.0 1
1731166767764 1456.0 1
1731166767788 1462.0 1
1731166767809 1472.0 1
1731166767833 1477.0 1
1731166767856 1483.0 1
1731166767880 1490.0 1
1731166767900 1491.0 1
1731166767921 1497.0 1
1731166767940 1503.0 1
1731166767965 1508.0 1
1731166767993 1513.0 1
1731166768029 1518.0 1
1731166768056 1522.0 1
1731166768083 1525.0 1
1731166768114 1534.0 1
1731166768144 1541.0 1
1731166768167 1547.0 1
1731166768197 1552.0 1
1731166768225 1555.0 1
1731166768253 1564.0 1
1731166768283 1569.0 1
1731166768313 1582.0 1
1731166768346 1589.0 1
1731166768379 1593.0 1
1731166768411 1600.0 1
1731166768442 1604.0 1
1731166768475 1614.0 1
1731166768497 1617.0 1
1731166768517 1622.0 1
1731166768535 1628.0 1
1731166768558 1637.0 1
1731166768577 1643.0 1
1731166768617 1649.0 1
1731166768642 1654.0 1
1731166768713 1659.0 1
1731166768735 1666.0 1
1731166768756 1670.0 1
1731166768778 1674.0 1
1731166768802 1681.0 1
1731166768823 1686.0 1
1731166768846 1694.0 1
1731166768871 1700.0 1
1731166768899 1710.0 1
1731166768930 1719.0 1
1731166768957 1725.0 1
1731166768978 1731.0 1
1731166768999 1738.0 1
1731166769020 1741.0 1
1731166769043 1746.0 1
1731166769065 1755.0 1
1731166769091 1768.0 1
1731166769113 1775.0 1
1731166769142 1784.0 1
1731166769166 1788.0 1
1731166769190 1795.0 1
1731166769217 1798.0 1
1731166769247 1802.0 1
1731166769282 1808.0 1
1731166769348 1816.0 1
1731166769370 1822.0 1
1731166769391 1829.0 1
1731166769414 1832.0 1
1731166769436 1836.0 1
1731166769459 1844.0 1
1731166769479 1854.0 1
1731166769501 1865.0 1
1731166769523 1870.0 1
1731166769544 1874.0 1
1731166769565 1882.0 1
1731166769586 1887.0 1
1731166769608 1894.0 1
1731166769630 1899.0 1
1731166769652 1902.0 1
1731166769675 1908.0 1
1731166769696 1917.0 1
1731166769718 1923.0 1
1731166769743 1933.0 1
1731166769767 1939.0 1
1731166769790 1948.0 1
1731166769831 1952.0 1
1731166769862 1960.0 1
1731166769887 1967.0 1
1731166769913 1972.0 1
1731166769944 1980.0 1
1731166769966 1982.0 1
1731166769987 1987.0 1
1731166770007 1996.0 1
1731166770029 2005.0 1
1731166770048 2008.0 1
1731166770071 2012.0 1
1731166770094 2016.0 1
1731166770133 2020.0 1
1731166770160 2026.0 1
1731166770183 2034.0 1
1731166770209 2041.0 1
1731166770231 2045.0 1
1731166770253 2053.0 1
1731166770274 2060.0 1
1731166770294 2069.0 1
1731166770315 2076.0 1
1731166770338 2083.0 1
1731166770365 2086.0 1
1731166770399 2096.0 1
1731166770432 2099.0 1
1731166770459 2109.0 1
1731166770482 2117.0 1
1731166770504 2120.0 1
1731166770524 2127.0 1
1731166770549 2134.0 1
1731166770567 2141.0 1
1731166770590 2148.0 1
1731166770613 2155.0 1
1731166770646 2160.0 1
1731166770673 2165.0 1
1731166770703 2172.0 1
1731166770735 2178.0 1
1731166770771 2188.0 1
1731166770829 2200.0 1
1731166770851 2206.0 1
1731166770871 2213.0 1
1731166770893 2221.0 1
1731166770916 2229.0 1
1731166770943 2234.0 1
1731166770969 2241.0 1
1731166770992 2248.0 1
1731166771022 2255.0 1
1731166771044 2262.0 1
1731166771069 2270.0 1
1731166771105 2279.0 1
1731166771131 2288.0 1
1731166771158 2297.0 1
1731166771193 2301.0 1
1731166771218 2310.0 1
1731166771250 2312.0 1
1731166771277 2318.0 1
1731166771308 2328.0 1
1731166771335 2332.0 1
1731166771361 2340.0 1
1731166771389 2345.0 1
1731166771420 2355.0 1
1731166771449 2359.0 1
1731166771485 2367.0 1
1731166771513 2377.0 1
1731166771539 2385.0 1
1731166771564 2392.0 1
1731166771593 2397.0 1
1731166771627 2409.0 1
1731166771657 2419.0 1
1731166771686 2426.0 1
1731166771708 2431.0 1
1731166771735 2440.0 1
1731166771756 2445.0 1
1731166771780 2449.0 1
1731166771809 2456.0 1
1731166771832 2462.0 1
1731166771866 2469.0 1
1731166771895 2479.0 1
1731166771923 2489.0 1
1731166771950 2496.0 1
1731166771972 2502.0 1
1731166771996 2508.0 1
1731166772018 2517.0 1
1731166772039 2520.0 1
1731166772063 2526.0 1
1731166772085 2533.0 1
1731166772116 2537.0 1
1731166772141 2542.0 1
1731166772168 2548.0 1
1731166772192 2557.0 1
1731166772219 2562.0 1
1731166772242 2567.0 1
1731166772264 2574.0 1
1731166772284 2578.0 1
1731166772307 2580.0 1
1731166772329 2585.0 1
1731166772358 2589.0 1
1731166772389 2598.0 1
1731166772423 2603.0 1
1731166772464 2611.0 1
1731166772493 2613.0 1
1731166772523 2618.0 1
1731166772550 2626.0 1
1731166772577 2632.0 1
1731166772604 2635.0 1
1731166772640 2642.0 1
1731166772669 2648.0 1
1731166772695 2652.0 1
1731166772724 2660.0 1
1731166772752 2667.0 1
1731166772792 2671.0 1
1731166772820 2676.0 1
1731166772847 2684.0 1
1731166772876 2690.0 1
1731166772898 2693.0 1
1731166772924 2702.0 1
1731166772957 2707.0 1
1731166772983 2717.0 1
1731166773015 2723.0 1
1731166773049 2726.0 1
1731166773078 2733.0 1
1731166773109 2739.0 1
1731166773135 2745.0 1
1731166773155 2749.0 1
1731166773179 2757.0 1
1731166773202 2765.0 1
1731166773225 2775.0 1
1731166773253 2781.0 1
1731166773285 2786.0 1
1731166773315 2792.0 1
1731166773336 2797.0 1
1731166773357 2803.0 1
1731166773382 2807.0 1
1731166773403 2819.0 1
1731166773427 2825.0 1
1731166773450 2831.0 1
1731166773479 2835.0 1
1731166773511 2839.0 1
1731166773536 2845.0 1
1731166773563 2846.0 1
1731166773589 2854.0 1
1731166773611 2855.0 1
1731166773634 2870.0 1
1731166773658 2877.0 1
1731166773681 2880.0 1
1731166773702 2886.0 1
1731166773725 2894.0 1
1731166773746 2899.0 1
1731166773766 2906.0 1
1731166773789 2917.0 1
1731166773810 2924.0 1
1731166773830 2933.0 1
1731166773858 2941.0 1
1731166773890 2947.0 1
1731166773923 2954.0 1
1731166773948 2962.0 1
1731166773978 2972.0 1
1731166773998 2980.0 1
1731166774025 2985.0 1
1731166774060 2990.0 1
1731166774090 2996.0 1
1731166774129 3005.0 1
1731166774175 3013.0 1
1731166774233 3022.0 1
1731166774268 3031.0 1
1731166774333 3038.0 1
1731166774359 3045.0 1
1731166774393 3054.0 1
1731166774416 3059.0 1
1731166774437 3063.0 1
1731166774461 3070.0 1
1731166774493 3076.0 1
1731166774518 3080.0 1
1731166774546 3085.0 1
1731166774572 3089.0 1
1731166774599 3097.0 1
1731166774627 3102.0 1
1731166774656 3115.0 1
1731166774681 3120.0 1
1731166774723 3124.0 1
1731166774748 3132.0 1
1731166774771 3143.0 1
1731166774795 3148.0 1
1731166774819 3152.0 1
1731166774844 3158.0 1
1731166774873 3161.0 1
1731166774899 3170.0 1
1731166774927 3182.0 1
1731166774953 3188.0 1
1731166774977 3191.0 1
1731166775001 3199.0 1
1731166775026 3203.0 1
1731166775054 3212.0 1
1731166775091 3216.0 1
1731166775113 3220.0 1
1731166775135 3223.0 1
1731166775158 3226.0 1
1731166775181 3237.0 1
1731166775202 3244.0 1
1731166775226 3248.0 1
1731166775253 3255.0 1
1731166775297 3262.0 1
1731166775332 3267.0 1
1731166775356 3273.0 1
1731166775382 3277.0 1
1731166775403 3285.0 1
1731166775426 3289.0 1
1731166775449 3296.0 1
1731166775470 3299.0 1
1731166775491 3306.0 1
1731166775512 3315.0 1
1731166775536 3326.0 1
1731166775557 3329.0 1
1731166775582 3332.0 1
1731166775605 3340.0 1
1731166775629 3345.0 1
1731166775657 3350.0 1
1731166775684 3357.0 1
1731166775713 3364.0 1
1731166775738 3374.0 1
1731166775762 3378.0 1
1731166775785 3384.0 1
1731166775806 3388.0 1
1731166775830 3394.0 1
1731166775852 3400.0 1
1731166775880 3407.0 1
1731166775910 3415.0 1
1731166775932 3423.0 1
1731166775957 3429.0 1
1731166775981 3433.0 1
1731166776011 3435.0 1
1731166776037 3440.0 1
1731166776062 3444.0 1
1731166776087 3450.0 1
1731166776110 3457.0 1
1731166776134 3464.0 1
1731166776162 3473.0 1
1731166776188 3483.0 1
1731166776209 3488.0 1
1731166776240 3490.0 1
1731166776285 3502.0 1
1731166776314 3509.0 1
1731166776344 3513.0 1
1731166776366 3517.0 1
1731166776392 3520.0 1
1731166776413 3524.0 1
1731166776446 3530.0 1
1731166776472 3538.0 1
1731166776491 3544.0 1
1731166776514 3548.0 1
1731166776536 3557.0 1
1731166776556 3564.0 1
1731166776577 3569.0 1
1731166776660 3573.0 1
1731166776688 3576.0 1
1731166776714 3581.0 1
1731166776741 3586.0 1
1731166776762 3592.0 1
1731166776800 3602.0 1
1731166776826 3607.0 1
1731166776850 3615.0 1
1731166776880 3625.0 1
1731166776924 3633.0 1
1731166776951 3639.0 1
1731166776980 3644.0 1
1731166777014 3653.0 1
1731166777035 3658.0 1
1731166777057 3667.0 1
1731166777084 3670.0 1
1731166777116 3675.0 1
1731166777151 3681.0 1
1731166777179 3686.0 1
1731166777211 3694.0 1
1731166777243 3706.0 1
1731166777267 3712.0 1
1731166777296 3722.0 1
1731166777321 3727.0 1
1731166777351 3733.0 1
1731166777376 3737.0 1
1731166777404 3743.0 1
1731166777474 3751.0 1
1731166777519 3759.0 1
1731166777548 3766.0 1
1731166777571 3775.0 1
1731166777593 3781.0 1
1731166777623 3784.0 1
1731166777652 3785.0 1
1731166777681 3787.0 1
1731166777711 3792.0 1
1731166777734 3795.0 1
1731166777756 3801.0 1
1731166777778 3809.0 1
1731166777798 3812.0 1
1731166777821 3818.0 1
1731166777842 3824.0 1
1731166777875 3832.0 1
1731166777917 3842.0 1
1731166777950 3853.0 1
1731166778004 3853.0 1
1731166778044 3859.0 1
1731166778080 3868.0 1
1731166778111 3875.0 1
1731166778138 3880.0 1
1731166778164 3886.0 1
1731166778192 3893.0 1
1731166778224 3898.0 1
1731166778248 3900.0 1
1731166778292 3902.0 1
1731166778335 3910.0 1
1731166778355 3920.0 1
1731166778385 3929.0 1
1731166778415 3936.0 1
1731166778446 3945.0 1
1731166778480 3951.0 1
1731166778507 3956.0 1
1731166778538 3962.0 1
1731166778564 3968.0 1
1731166778595 3978.0 1
1731166778620 3982.0 1
1731166778646 3991.0 1
1731166778682 3998.0 1
1731166778703 4002.0 1
1731166778723 4008.0 1
1731166778760 4014.0 1
1731166778781 4019.0 1
1731166778810 4023.0 1
1731166778834 4031.0 1
1731166778861 4035.0 1
1731166778885 4036.0 1
1731166778907 4047.0 1
1731166778936 4055.0 1
1731166778962 4061.0 1
1731166779000 4066.0 1
1731166779020 4071.0 1
1731166779043 4074.0 1
1731166779071 4086.0 1
1731166779098 4091.0 1
1731166779127 4099.0 1
1731166779169 4109.0 1
1731166779200 4120.0 1
1731166779231 4123.0 1
1731166779258 4131.0 1
1731166779284 4134.0 1
1731166779312 4136.0 1
1731166779333 4144.0 1
1731166779356 4148.0 1
1731166779381 4149.0 1
1731166779412 4157.0 1
1731166779442 4163.0 1
1731166779474 4170.0 1
1731166779496 4179.0 1
1731166779517 4188.0 1
1731166779545 4192.0 1
1731166779566 4199.0 1
1731166779590 4209.0 1
1731166779612 4213.0 1
1731166779637 4220.0 1
1731166779661 4226.0 1
1731166779684 4231.0 1
1731166779715 4236.0 1
1731166779747 4241.0 1
1731166779779 4244.0 1
1731166779806 4250.0 1
1731166779834 4259.0 1
1731166779870 4268.0 1
1731166779900 4274.0 1
1731166779920 4282.0 1
1731166779943 4287.0 1
1731166779982 4292.0 1
1731166780015 4307.0 1
1731166780037 4312.0 1
1731166780066 4320.0 1
1731166780101 4328.0 1
1731166780126 4335.0 1
1731166780149 4340.0 1
1731166780176 4345.0 1
1731166780202 4349.0 1
1731166780238 4357.0 1
1731166780267 4359.0 1
1731166780295 4363.0 1
1731166780321 4367.0 1
1731166780345 4380.0 1
1731166780377 4386.0 1
1731166780415 4393.0 1
1731166780448 4396.0 1
1731166780481 4404.0 1
1731166780500 4408.0 1
1731166780533 4411.0 1
1731166780555 4417.0 1
1731166780582 4427.0 1
1731166780606 4433.0 1
1731166780664 4439.0 1
1731166780689 4444.0 1
1731166780712 4449.0 1
1731166780739 4451.0 1
1731166780764 4459.0 1
1731166780801 4463.0 1
1731166780828 4467.0 1
1731166780859 4471.0 1
1731166780887 4475.0 1
1731166780909 4484.0 1
1731166780937 4493.0 1
1731166780968 4502.0 1
1731166780995 4509.0 1
1731166781015 4513.0 1
1731166781044 4521.0 1
1731166781068 4528.0 1
1731166781097 4532.0 1
1731166781125 4538.0 1
1731166781155 4546.0 1
1731166781180 4550.0 1
1731166781206 4557.0 1
1731166781231 4561.0 1
1731166781272 4572.0 1
1731166781311 4575.0 1
1731166781341 4583.0 1
1731166781370 4587.0 1
1731166781391 4591.0 1
1731166781419 4597.0 1
1731166781446 4609.0 1
1731166781468 4613.0 1
1731166781490 4618.0 1
1731166781514 4623.0 1
1731166781536 4634.0 1
1731166781562 4646.0 1
1731166781584 4655.0 1
1731166781618 4657.0 1
1731166781648 4663.0 1
1731166781673 4668.0 1
1731166781711 4673.0 1
1731166781744 4683.0 1
1731166781771 4688.0 1
1731166781797 4695.0 1
1731166781829 4699.0 1
1731166781856 4705.0 1
1731166781881 4710.0 1
1731166781907 4716.0 1
1731166781939 4719.0 1
1731166781966 4726.0 1
1731166781986 4731.0 1
1731166782006 4735.0 1
1731166782030 4739.0 1
1731166782052 4746.0 1
1731166782076 4755.0 1
1731166782103 4761.0 1
1731166782130 4766.0 1
1731166782166 4769.0 1
1731166782202 4778.0 1
1731166782235 4782.0 1
1731166782269 4793.0 1
1731166782305 4799.0 1
1731166782349 4808.0 1
1731166782379 4816.0 1
1731166782405 4821.0 1
1731166782431 4830.0 1
1731166782459 4838.0 1
1731166782484 4843.0 1
1731166782510 4847.0 1
1731166782541 4853.0 1
1731166782577 4857.0 1
1731166782600 4864.0 1
1731166782625 4871.0 1
1731166782648 4878.0 1
1731166782681 4884.0 1
1731166782708 4890.0 1
1731166782740 4897.0 1
1731166782773 4902.0 1
1731166782800 4905.0 1
1731166782831 4908.0 1
1731166782867 4913.0 1
1731166782898 4915.0 1
1731166782925 4923.0 1
1731166782953 4927.0 1
1731166782979 4935.0 1
1731166783002 4941.0 1
1731166783023 4951.0 1
1731166783045 4957.0 1
1731166783069 4963.0 1
1731166783090 4971.0 1
1731166783117 4979.0 1
1731166783138 4983.0 1
1731166783163 4989.0 1
1731166783184 4992.0 1
1731166783208 4996.0 1
1731166783232 5000.0 1
1731166783261 5002.0 1
1731166783287 5010.0 1
1731166783314 5017.0 1
1731166783346 5023.0 1
1731166783377 5028.0 1
1731166783398 5032.0 1
1731166783420 5036.0 1
1731166783442 5041.0 1
1731166783467 5048.0 1
1731166783495 5056.0 1
1731166783522 5062.0 1
1731166783547 5068.0 1
1731166783575 5072.0 1
1731166783597 5076.0 1
1731166783618 5085.0 1
1731166783640 5091.0 1
1731166783709 5096.0 1
1731166783803 5107.0 1
1731166783852 5114.0 1
1731166783883 5119.0 1
1731166783909 5125.0 1
1731166783931 5136.0 1
1731166783958 5145.0 1
1731166783981 5156.0 1
1731166784045 5166.0 1
1731166784069 5174.0 1
1731166784103 5182.0 1
1731166784136 5190.0 1
1731166784208 5195.0 1
1731166784239 5203.0 1
1731166784278 5210.0 1
1731166784308 5213.0 1
1731166784335 5222.0 1
1731166784365 5227.0 1
1731166784394 5235.0 1
1731166784422 5246.0 1
1731166784457 5256.0 1
1731166784477 5262.0 1
1731166784504 5270.0 1
1731166784529 5279.0 1
1731166784552 5283.0 1
1731166784578 5293.0 1
1731166784596 5301.0 1
1731166784619 5311.0 1
1731166784644 5321.0 1
1731166784665 5325.0 1
1731166784685 5332.0 1
1731166784707 5337.0 1
1731166784729 5345.0 1
1731166784753 5355.0 1
1731166784772 5360.0 1
1731166784793 5365.0 1
1731166784814 5369.0 1
1731166784835 5376.0 1
1731166784861 5382.0 1
1731166784888 5388.0 1
1731166784919 5395.0 1
1731166784947 5398.0 1
1731166784969 5404.0 1
1731166784992 5412.0 1
1731166785015 5424.0 1
1731166785037 5427.0 1
1731166785061 5433.0 1
1731166785083 5444.0 1
1731166785109 5450.0 1
1731166785138 5455.0 1
1731166785166 5465.0 1
1731166785240 5471.0 1
1731166785308 5479.0 1
1731166785345 5482.0 1
1731166785373 5485.0 1
1731166785395 5496.0 1
1731166785427 5506.0 1
1731166785450 5510.0 1
1731166785473 5522.0 1
1731166785501 5528.0 1
1731166785537 5532.0 1
1731166785566 5537.0 1
1731166785600 5539.0 1
1731166785638 5541.0 1
1731166785678 5547.0 1
1731166785713 5552.0 1
1731166785743 5557.0 1
1731166785776 5563.0 1
1731166785857 5574.0 1
1731166786018 5579.0 1
1731166786053 5584.0 1
1731166786070 5592.0 1
1731166786093 5597.0 1
1731166786122 5605.0 1
1731166786175 5608.0 1
1731166786259 5613.0 1
1731166786311 5617.0 1
1731166786331 5625.0 1
1731166786364 5630.0 1
1731166786433 5633.0 1
1731166786457 5640.0 1
1731166786481 5647.0 1
1731166786508 5654.0 1
1731166786540 5662.0 1
1731166786570 5670.0 1
1731166786608 5674.0 1
1731166786649 5678.0 1
1731166786695 5683.0 1
1731166786738 5687.0 1
1731166786789 5689.0 1
1731166786837 5696.0 1
1731166786884 5709.0 1
1731166786923 5714.0 1
1731166786974 5719.0 1
1731166787008 5724.0 1
1731166787033 5730.0 1
1731166787056 5737.0 1
1731166787084 5741.0 1
1731166787158 5744.0 1
1731166787192 5746.0 1
1731166787232 5753.0 1
1731166787268 5759.0 1
1731166787304 5766.0 1
1731166787327 5772.0 1
1731166787388 5780.0 1
1731166787417 5786.0 1
1731166787441 5791.0 1
1731166787458 5797.0 1
1731166787482 5800.0 1
1731166787516 5805.0 1
1731166787534 5811.0 1
1731166787563 5817.0 1
1731166787591 5823.0 1
1731166787632 5828.0 1
1731166787658 5837.0 1
1731166787682 5844.0 1
1731166787708 5848.0 1
1731166787755 5851.0 1
1731166787796 7.0 2
1731166787823 14.0 2
1731166787846 18.0 2
1731166787873 21.0 2
1731166787899 25.0 2
1731166787931 31.0 2
1731166787957 36.0 2
1731166788000 41.0 2
1731166788064 46.0 2
1731166788104 53.0 2
1731166788131 58.0 2
1731166788163 64.0 2
1731166788190 69.0 2
1731166788213 74.0 2
1731166788255 81.0 2
1731166788297 88.0 2
1731166788336 98.0 2
1731166788364 105.0 2
1731166788391 110.0 2
1731166788428 113.0 2
1731166788458 118.0 2
1731166788488 126.0 2
1731166788519 133.0 2
1731166788549 141.0 2
1731166788622 148.0 2
1731166788646 153.0 2
1731166788758 157.0 2
1731166788863 164.0 2
1731166788923 174.0 2
1731166788941 180.0 2
1731166788985 184.0 2
1731166789014 195.0 2
1731166789041 203.0 2
1731166789109 210.0 2
1731166789165 214.0 2
1731166789189 219.0 2
1731166789277 224.0 2
1731166789356 228.0 2
1731166789435 232.0 2
1731166789525 240.0 2
1731166789575 246.0 2
1731166789615 253.0 2
1731166789682 257.0 2
1731166789720 262.0 2
1731166789785 267.0 2
1731166789846 274.0 2
1731166789870 281.0 2
1731166789904 289.0 2
1731166790033 293.0 2
1731166790107 300.0 2
1731166790136 305.0 2
1731166790167 314.0 2
1731166790191 316.0 2
1731166790219 320.0 2
1731166790243 329.0 2
1731166790264 332.0 2
1731166790314 340.0 2
1731166790335 344.0 2
1731166790365 355.0 2
1731166790390 361.0 2
1731166790425 364.0 2
1731166790462 370.0 2
1731166790494 373.0 2
1731166790523 376.0 2
1731166790550 381.0 2
1731166790577 391.0 2
1731166790606 398.0 2
1731166790629 402.0 2
1731166790653 407.0 2
1731166790673 415.0 2
1731166790698 425.0 2
1731166790723 431.0 2
1731166790745 437.0 2
1731166790772 446.0 2
1731166790802 451.0 2
1731166790832 454.0 2
1731166790869 456.0 2
1731166790938 459.0 2
1731166791036 470.0 2
1731166791062 479.0 2
1731166791092 485.0 2
1731166791121 491.0 2
1731166791163 499.0 2
1731166791212 504.0 2
1731166791250 507.0 2
1731166791282 511.0 2
1731166791326 515.0 2
1731166791391 523.0 2
1731166791442 527.0 2
1731166791479 537.0 2
1731166791514 545.0 2
1731166791544 549.0 2
1731166791574 553.0 2
1731166791605 558.0 2
1731166791646 564.0 2
1731166791703 569.0 2
1731166791732 574.0 2
1731166791757 580.0 2
1731166791776 587.0 2
1731166791808 591.0 2
1731166791835 599.0 2
1731166791875 604.0 2
1731166791922 612.0 2
1731166791975 619.0 2
1731166792017 625.0 2
1731166792054 635.0 2
1731166792103 643.0 2
1731166792131 645.0 2
1731166792167 650.0 2
1731166792189 658.0 2
1731166792208 660.0 2
1731166792236 668.0 2
1731166792263 676.0 2
1731166792287 684.0 2
1731166792335 693.0 2
1731166792382 701.0 2
1731166792416 703.0 2
1731166792448 708.0 2
1731166792489 716.0 2
1731166792563 721.0 2
1731166792584 726.0 2
1731166792607 731.0 2
1731166792630 736.0 2
1731166792654 743.0 2
1731166792682 755.0 2
1731166792715 761.0 2
1731166792746 767.0 2
1731166792770 773.0 2
1731166792804 781.0 2
1731166792830 786.0 2
1731166792870 791.0 2
1731166792898 796.0 2
1731166792931 802.0 2
1731166792959 807.0 2
1731166792988 813.0 2
1731166793009 817.0 2
1731166793033 820.0 2
1731166793056 826.0 2
1731166793079 833.0 2
1731166793100 839.0 2
1731166793131 847.0 2
1731166793167 854.0 2
1731166793203 862.0 2
1731166793236 869.0 2
1731166793279 876.0 2
1731166793319 882.0 2
1731166793351 890.0 2
1731166793408 897.0 2
1731166793433 903.0 2
1731166793465 909.0 2
1731166793503 915.0 2
1731166793530 920.0 2
1731166793562 925.0 2
1731166793594 936.0 2
1731166793635 944.0 2
1731166793661 949.0 2
1731166793694 957.0 2
1731166793726 964.0 2
1731166793753 969.0 2
1731166793777 977.0 2
1731166793800 979.0 2
1731166793823 984.0 2
1731166793844 992.0 2
1731166793871 995.0 2
1731166793893 1002.0 2
1731166793915 1008.0 2
1731166793937 1011.0 2
1731166793959 1023.0 2
1731166793983 1035.0 2
1731166794007 1039.0 2
1731166794031 1044.0 2
1731166794055 1051.0 2
1731166794085 1055.0 2
1731166794110 1058.0 2
1731166794133 1064.0 2
1731166794155 1069.0 2
1731166794176 1075.0 2
1731166794197 1082.0 2
1731166794221 1090.0 2
1731166794248 1095.0 2
1731166794289 1100.0 2
1731166794322 1105.0 2
1731166794360 1115.0 2
1731166794391 1123.0 2
1731166794425 1128.0 2
1731166794461 1135.0 2
1731166794496 1139.0 2
1731166794523 1145.0 2
1731166794548 1150.0 2
1731166794577 1157.0 2
1731166794608 1159.0 2
1731166794637 1164.0 2
1731166794666 1168.0 2
1731166794698 1174.0 2
1731166794735 1185.0 2
1731166794761 1189.0 2
1731166794786 1193.0 2
1731166794810 1200.0 2
1731166794835 1207.0 2
1731166794860 1218.0 2
1731166794889 1224.0 2
1731166794919 1231.0 2
1731166794953 1238.0 2
1731166794981 1246.0 2
1731166795007 1250.0 2
1731166795029 1260.0 2
1731166795078 1267.0 2
1731166795111 1275.0 2
1731166795145 1282.0 2
1731166795178 1288.0 2
1731166795214 1292.0 2
1731166795244 1298.0 2
1731166795282 1304.0 2
1731166795323 1311.0 2
1731166795364 1315.0 2
1731166795401 1322.0 2
1731166795428 1326.0 2
1731166795448 1330.0 2
1731166795496 1339.0 2
1731166795529 1344.0 2
1731166795555 1350.0 2
1731166795581 1354.0 2
1731166795608 1365.0 2
1731166795645 1374.0 2
1731166795678 1379.0 2
1731166795712 1383.0 2
1731166795738 1392.0 2
1731166795766 1398.0 2
1731166795790 1405.0 2
1731166795814 1410.0 2
1731166795836 1418.0 2
1731166795860 1424.0 2
1731166795887 1429.0 2
1731166795921 1434.0 2
1731166795947 1441.0 2
1731166795980 1448.0 2
1731166796005 1453.0 2
1731166796027 1463.0 2
1731166796046 1467.0 2
1731166796072 1476.0 2
1731166796096 1484.0 2
1731166796152 1489.0 2
1731166796195 1493.0 2
1731166796231 1504.0 2
1731166796271 1515.0 2
1731166796309 1519.0 2
1731166796333 1523.0 2
1731166796359 1535.0 2
1731166796383 1541.0 2
1731166796416 1543.0 2
1731166796445 1547.0 2
1731166796469 1553.0 2
1731166796499 1559.0 2
1731166796535 1566.0 2
1731166796563 1570.0 2
1731166796594 1573.0 2
1731166796627 1581.0 2
1731166796651 1586.0 2
1731166796675 1593.0 2
1731166796698 1597.0 2
1731166796719 1601.0 2
1731166796741 1607.0 2
1731166796763 1617.0 2
1731166796787 1629.0 2
1731166796816 1633.0 2
1731166796836 1642.0 2
1731166796864 1648.0 2
1731166796896 1654.0 2
1731166796933 1660.0 2
1731166796973 1667.0 2
1731166797006 1673.0 2
1731166797051 1677.0 2
1731166797078 1684.0 2
1731166797105 1688.0 2
1731166797143 1697.0 2
1731166797184 1703.0 2
1731166797211 1709.0 2
1731166797250 1712.0 2
1731166797277 1716.0 2
1731166797311 1722.0 2
1731166797339 1727.0 2
1731166797370 1734.0 2
1731166797432 1740.0 2
1731166797462 1747.0 2
1731166797493 1754.0 2
1731166797522 1761.0 2
1731166797545 1767.0 2
1731166797569 1770.0 2
1731166797593 1780.0 2
1731166797615 1786.0 2
1731166797638 1790.0 2
1731166797660 1796.0 2
1731166797685 1799.0 2
1731166797706 1804.0 2
1731166797728 1807.0 2
1731166797755 1810.0 2
1731166797782 1816.0 2
1731166797816 1823.0 2
1731166797850 1828.0 2
1731166797885 1835.0 2
1731166797914 1842.0 2
1731166797944 1849.0 2
1731166797967 1852.0 2
1731166797993 1855.0 2
1731166798016 1866.0 2
1731166798040 1871.0 2
1731166798068 1882.0 2
1731166798089 1889.0 2
1731166798109 1893.0 2
1731166798130 1898.0 2
1731166798149 1903.0 2
1731166798168 1912.0 2
1731166798192 1917.0 2
1731166798214 1926.0 2
1731166798235 1932.0 2
1731166798254 1939.0 2
1731166798275 1942.0 2
1731166798308 1943.0 2
1731166798329 1952.0 2
1731166798356 1957.0 2
1731166798384 1960.0 2
1731166798415 1969.0 2
1731166798454 1978.0 2
1731166798480 1985.0 2
1731166798509 1988.0 2
1731166798531 1993.0 2
1731166798555 1997.0 2
1731166798576 2004.0 2
1731166798600 2011.0 2
1731166798633 2020.0 2
1731166798665 2026.0 2
1731166798692 2030.0 2
1731166798734 2034.0 2
1731166798767 2038.0 2
1731166798801 2042.0 2
1731166798833 2047.0 2
1731166798868 2053.0 2
1731166798911 2056.0 2
1731166798937 2058.0 2
1731166798970 2062.0 2
1731166798992 2066.0 2
1731166799020 2072.0 2
1731166799053 2076.0 2
1731166799099 2082.0 2
1731166799126 2086.0 2
1731166799160 2093.0 2
1731166799191 2097.0 2
1731166799226 2106.0 2
1731166799254 2112.0 2
1731166799281 2118.0 2
1731166799305 2124.0 2
1731166799327 2129.0 2
1731166799349 2134.0 2
1731166799373 2142.0 2
1731166799405 2147.0 2
1731166799437 2156.0 2
1731166799470 2159.0 2
1731166799502 2167.0 2
1731166799545 2175.0 2
1731166799590 2181.0 2
1731166799619 2188.0 2
1731166799642 2192.0 2
1731166799663 2197.0 2
1731166799698 2202.0 2
1731166799724 2207.0 2
1731166799752 2211.0 2
1731166799786 2217.0 2
1731166799819 2222.0 2
1731166799851 2233.0 2
1731166799937 2239.0 2
1731166799989 2243.0 2
1731166800071 2248.0 2
1731166800142 2253.0 2
1731166800165 2261.0 2
1731166800192 2268.0 2
1731166800221 2273.0 2
1731166800248 2280.0 2
1731166800270 2284.0 2
1731166800294 2287.0 2
1731166800324 2297.0 2
1731166800354 2300.0 2
1731166800386 2307.0 2
1731166800413 2313.0 2
1731166800435 2319.0 2
1731166800458 2326.0 2
1731166800483 2331.0 2
1731166800507 2340.0 2
1731166800548 2347.0 2
1731166800582 2356.0 2
1731166800606 2362.0 2
1731166800629 2371.0 2
1731166800654 2373.0 2
1731166800678 2383.0 2
1731166800701 2387.0 2
1731166800725 2394.0 2
1731166800754 2399.0 2
1731166800781 2408.0 2
1731166800808 2412.0 2
1731166800837 2417.0 2
1731166800869 2425.0 2
1731166800900 2428.0 2
1731166801000 2437.0 2
1731166801132 2443.0 2
1731166801215 2448.0 2
1731166801283 2456.0 2
1731166801386 2461.0 2
1731166801470 2466.0 2
1731166801541 2472.0 2
1731166801609 2478.0 2
1731166801635 2489.0 2
1731166801657 2496.0 2
1731166801686 2501.0 2
1731166801727 2509.0 2
1731166801764 2515.0 2
1731166801803 2518.0 2
1731166801843 2525.0 2
1731166801903 2529.0 2
1731166801929 2536.0 2
1731166801958 2543.0 2
1731166801997 2547.0 2
1731166802040 2553.0 2
1731166802082 2558.0 2
1731166802122 2562.0 2
1731166802145 2571.0 2
1731166802170 2578.0 2
1731166802193 2581.0 2
1731166802218 2588.0 2
1731166802244 2596.0 2
1731166802286 2600.0 2
1731166802322 2608.0 2
1731166802354 2612.0 2
1731166802390 2622.0 2
1731166802428 2627.0 2
1731166802476 2633.0 2
1731166802517 2635.0 2
1731166802551 2640.0 2
1731166802586 2646.0 2
1731166802610 2650.0 2
1731166802638 2660.0 2
1731166802659 2666.0 2
1731166802684 2672.0 2
1731166802714 2679.0 2
1731166802737 2686.0 2
1731166802762 2694.0 2
1731166802800 2700.0 2
1731166802841 2706.0 2
1731166802898 2711.0 2
1731166803009 2716.0 2
1731166803032 2727.0 2
1731166803061 2731.0 2
1731166803087 2739.0 2
1731166803129 2749.0 2
1731166803157 2756.0 2
1731166803191 2762.0 2
1731166803219 2766.0 2
1731166803252 2776.0 2
1731166803281 2782.0 2
1731166803344 2787.0 2
1731166803386 2793.0 2
1731166803418 2801.0 2
1731166803456 2808.0 2
1731166803490 2815.0 2
1731166803516 2819.0 2
1731166803551 2827.0 2
1731166803582 2832.0 2
1731166803611 2840.0 2
1731166803645 2845.0 2
1731166803674 2854.0 2
1731166803728 2864.0 2
1731166803757 2870.0 2
1731166803804 2876.0 2
1731166803825 2882.0 2
1731166803864 2889.0 2
1731166803897 2902.0 2
1731166803920 2906.0 2
1731166803946 2912.0 2
1731166803972 2914.0 2
1731166804004 2918.0 2
1731166804029 2927.0 2
1731166804054 2931.0 2
1731166804077 2935.0 2
1731166804103 2942.0 2
1731166804126 2947.0 2
1731166804154 2949.0 2
1731166804187 2955.0 2
1731166804219 2960.0 2
1731166804247 2964.0 2
1731166804282 2971.0 2
1731166804318 2976.0 2
1731166804357 2981.0 2
1731166804391 2990.0 2
1731166804421 2995.0 2
1731166804452 3008.0 2
1731166804482 3020.0 2
1731166804529 3026.0 2
1731166804569 3031.0 2
1731166804603 3034.0 2
1731166804639 3037.0 2
1731166804676 3042.0 2
1731166804712 3045.0 2
1731166804746 3053.0 2
1731166804780 3056.0 2
1731166804809 3061.0 2
1731166804835 3071.0 2
1731166804856 3074.0 2
1731166804890 3080.0 2
1731166804930 3085.0 2
1731166804970 3092.0 2
1731166805009 3096.0 2
1731166805050 3105.0 2
1731166805100 3112.0 2
1731166805141 3119.0 2
1731166805173 3129.0 2
1731166805208 3138.0 2
1731166805245 3146.0 2
1731166805274 3150.0 2
1731166805300 3156.0 2
1731166805448 3163.0 2
1731166805504 3167.0 2
1731166805557 3174.0 2
1731166805589 3179.0 2
1731166805626 3186.0 2
1731166805651 3191.0 2
1731166805675 3200.0 2
1731166805698 3205.0 2
1731166805726 3207.0 2
1731166805763 3213.0 2
1731166805798 3219.0 2
1731166805841 3225.0 2
1731166805879 3232.0 2
1731166805921 3238.0 2
1731166805949 3243.0 2
1731166805979 3249.0 2
1731166806100 3253.0 2
1731166806134 3257.0 2
1731166806165 3263.0 2
1731166806192 3266.0 2
1731166806228 3270.0 2
1731166806263 3278.0 2
1731166806292 3282.0 2
1731166806315 3290.0 2
1731166806343 3298.0 2
1731166806367 3303.0 2
1731166806397 3308.0 2
1731166806431 3315.0 2
1731166806475 3322.0 2
1731166806507 3332.0 2
1731166806542 3339.0 2
1731166806585 3346.0 2
1731166806640 3353.0 2
1731166806661 3356.0 2
1731166806690 3361.0 2
1731166806743 3365.0 2
1731166806777 3372.0 2
1731166806807 3379.0 2
1731166806841 3383.0 2
1731166806861 3388.0 2
1731166806887 3394.0 2
1731166806918 3397.0 2
1731166806941 3405.0 2
1731166806965 3409.0 2
1731166806998 3415.0 2
1731166807026 3419.0 2
1731166807059 3421.0 2
1731166807089 3426.0 2
1731166807130 3436.0 2
1731166807155 3440.0 2
1731166807177 3450.0 2
1731166807212 3455.0 2
1731166807236 3460.0 2
1731166807264 3464.0 2
1731166807288 3471.0 2
1731166807361 3480.0 2
1731166807391 3482.0 2
1731166807415 3493.0 2
1731166807439 3501.0 2
1731166807464 3506.0 2
1731166807490 3512.0 2
1731166807523 3516.0 2
1731166807579 3524.0 2
1731166807619 3531.0 2
1731166807649 3537.0 2
1731166807673 3546.0 2
1731166807698 3552.0 2
1731166807719 3562.0 2
1731166807743 3563.0 2
1731166807792 3570.0 2
1731166807836 3578.0 2
1731166807871 3583.0 2
1731166807896 3589.0 2
1731166807920 3597.0 2
1731166807944 3608.0 2
1731166807966 3612.0 2
1731166807991 3618.0 2
1731166808033 3628.0 2
1731166808072 3640.0 2
1731166808103 3644.0 2
1731166808132 3655.0 2
1731166808158 3662.0 2
1731166808183 3669.0 2
1731166808208 3676.0 2
1731166808237 3686.0 2
1731166808262 3694.0 2
1731166808292 3700.0 2
1731166808329 3716.0 2
1731166808353 3718.0 2
1731166808387 3725.0 2
1731166808423 3732.0 2
1731166808463 3741.0 2
1731166808495 3749.0 2
1731166808531 3754.0 2
1731166808575 3760.0 2
1731166808613 3764.0 2
1731166808643 3769.0 2
1731166808682 3775.0 2
1731166808728 3783.0 2
1731166808790 3787.0 2
1731166808889 3792.0 2
1731166808994 3797.0 2
1731166809058 3802.0 2
1731166809081 3807.0 2
1731166809103 3811.0 2
1731166809128 3818.0 2
1731166809157 3826.0 2
1731166809188 3833.0 2
1731166809216 3840.0 2
1731166809243 3851.0 2
1731166809275 3856.0 2
1731166809303 3863.0 2
1731166809350 3874.0 2
1731166809384 3878.0 2
1731166809411 3886.0 2
1731166809442 3891.0 2
1731166809473 3900.0 2
1731166809505 3906.0 2
1731166809535 3912.0 2
1731166809560 3914.0 2
1731166809590 3918.0 2
1731166809619 3922.0 2
1731166809658 3927.0 2
1731166809699 3931.0 2
1731166809745 3937.0 2
1731166809773 3940.0 2
1731166809800 3946.0 2
1731166809825 3950.0 2
1731166809849 3952.0 2
1731166809873 3954.0 2
1731166809910 3961.0 2
1731166809934 3964.0 2
1731166809958 3972.0 2
1731166809978 3979.0 2
1731166810000 3983.0 2
1731166810029 3990.0 2
1731166810077 4000.0 2
1731166810103 4008.0 2
1731166810131 4016.0 2
1731166810162 4020.0 2
1731166810184 4024.0 2
1731166810219 4031.0 2
1731166810257 4036.0 2
1731166810298 4041.0 2
1731166810330 4049.0 2
1731166810352 4055.0 2
1731166810373 4061.0 2
1731166810398 4067.0 2
1731166810419 4071.0 2
1731166810441 4080.0 2
1731166810462 4086.0 2
1731166810483 4093.0 2
1731166810506 4099.0 2
1731166810529 4104.0 2
1731166810551 4106.0 2
1731166810623 4111.0 2
1731166810652 4120.0 2
1731166810675 4127.0 2
1731166810707 4132.0 2
1731166810812 4138.0 2
1731166810881 4143.0 2
1731166810914 4147.0 2
1731166810937 4154.0 2
1731166810957 4164.0 2
1731166810980 4168.0 2
1731166811006 4172.0 2
1731166811033 4176.0 2
1731166811062 4181.0 2
1731166811090 4185.0 2
1731166811146 4197.0 2
1731166811223 4201.0 2
1731166811278 4204.0 2
1731166811322 4215.0 2
1731166811363 4217.0 2
1731166811394 4222.0 2
1731166811430 4236.0 2
1731166811467 4238.0 2
1731166811487 4251.0 2
1731166811514 4261.0 2
1731166811539 4272.0 2
1731166811560 4279.0 2
1731166811589 4291.0 2
1731166811620 4294.0 2
1731166811643 4300.0 2
1731166811667 4302.0 2
1731166811688 4309.0 2
1731166811710 4317.0 2
1731166811730 4326.0 2
1731166811795 4332.0 2
1731166811829 4343.0 2
1731166811863 4348.0 2
1731166811900 4355.0 2
1731166811929 4358.0 2
1731166811965 4365.0 2
1731166811993 4373.0 2
1731166812016 4378.0 2
1731166812038 4381.0 2
1731166812061 4389.0 2
1731166812085 4398.0 2
1731166812107 4407.0 2
1731166812135 4415.0 2
1731166812164 4420.0 2
1731166812195 4424.0 2
1731166812228 4430.0 2
1731166812257 4437.0 2
1731166812282 4446.0 2
1731166812315 4455.0 2
1731166812345 4462.0 2
1731166812381 4467.0 2
1731166812414 4478.0 2
1731166812445 4486.0 2
1731166812472 4497.0 2
1731166812503 4502.0 2
1731166812531 4511.0 2
1731166812578 4514.0 2
1731166812619 4521.0 2
1731166812712 4528.0 2
1731166812759 4531.0 2
1731166812799 4539.0 2
1731166812831 4547.0 2
1731166812861 4552.0 2
1731166812896 4559.0 2
1731166812930 4562.0 2
1731166812961 4565.0 2
1731166812993 4574.0 2
1731166813025 4578.0 2
1731166813053 4584.0 2
1731166813083 4590.0 2
1731166813111 4600.0 2
1731166813137 4604.0 2
1731166813165 4610.0 2
1731166813192 4614.0 2
1731166813212 4623.0 2
1731166813239 4630.0 2
1731166813272 4634.0 2
1731166813309 4642.0 2
1731166813339 4649.0 2
1731166813367 4657.0 2
1731166813390 4666.0 2
1731166813414 4673.0 2
1731166813442 4680.0 2
1731166813465 4685.0 2
1731166813493 4693.0 2
1731166813515 4700.0 2
1731166813539 4709.0 2
1731166813564 4715.0 2
1731166813589 4722.0 2
1731166813614 4733.0 2
1731166813642 4736.0 2
1731166813674 4739.0 2
1731166813698 4748.0 2
1731166813727 4754.0 2
1731166813755 4759.0 2
1731166813776 4764.0 2
1731166813797 4767.0 2
1731166813821 4777.0 2
1731166813842 4784.0 2
1731166813864 4789.0 2
1731166813889 4798.0 2
1731166813920 4807.0 2
1731166813945 4814.0 2
1731166813969 4824.0 2
1731166813990 4831.0 2
1731166814012 4836.0 2
1731166814042 4842.0 2
1731166814068 4854.0 2
1731166814097 4859.0 2
1731166814126 4864.0 2
1731166814147 4871.0 2
1731166814168 4878.0 2
1731166814192 4884.0 2
1731166814212 4889.0 2
1731166814233 4898.0 2
1731166814254 4905.0 2
1731166814280 4909.0 2
1731166814320 4913.0 2
1731166814357 4918.0 2
1731166814414 4928.0 2
1731166814447 4933.0 2
1731166814469 4940.0 2
1731166814494 4945.0 2
1731166814516 4949.0 2
1731166814537 4953.0 2
1731166814560 4964.0 2
1731166814583 4968.0 2
1731166814604 4978.0 2
1731166814628 4985.0 2
1731166814663 4993.0 2
1731166814689 4997.0 2
1731166814719 5001.0 2
1731166814747 5011.0 2
1731166814772 5020.0 2
1731166814806 5025.0 2
1731166814831 5032.0 2
1731166814858 5037.0 2
1731166814886 5049.0 2
1731166814907 5054.0 2
1731166814926 5060.0 2
1731166814950 5069.0 2
1731166814975 5076.0 2
1731166815063 5082.0 2
1731166815094 5090.0 2
1731166815120 5096.0 2
1731166815166 5105.0 2
1731166815195 5112.0 2
1731166815222 5121.0 2
1731166815250 5126.0 2
1731166815287 5133.0 2
1731166815325 5141.0 2
1731166815363 5147.0 2
1731166815391 5159.0 2
1731166815423 5163.0 2
1731166815453 5170.0 2
1731166815479 5174.0 2
1731166815514 5181.0 2
1731166815627 5187.0 2
1731166815787 5196.0 2
1731166815861 5201.0 2
1731166815893 5204.0 2
1731166815940 5212.0 2
1731166816063 5222.0 2
1731166816186 5231.0 2
1731166816341 5233.0 2
1731166816427 5239.0 2
1731166816524 5246.0 2
1731166816578 5252.0 2
1731166816608 5259.0 2
1731166816647 5261.0 2
1731166816687 5270.0 2
1731166816715 5278.0 2
1731166816743 5284.0 2
1731166816859 5290.0 2
1731166816896 5298.0 2
1731166816929 5308.0 2
1731166816964 5314.0 2
1731166816997 5325.0 2
1731166817027 5331.0 2
1731166817058 5340.0 2
1731166817092 5346.0 2
1731166817126 5349.0 2
1731166817178 5351.0 2
1731166817215 5360.0 2
1731166817236 5367.0 2
1731166817264 5374.0 2
1731166817297 5378.0 2
1731166817318 5384.0 2
1731166817339 5392.0 2
1731166817362 5402.0 2
1731166817411 5409.0 2
1731166817431 5415.0 2
1731166817452 5421.0 2
1731166817475 5422.0 2
1731166817498 5425.0 2
1731166817522 5433.0 2
1731166817547 5438.0 2
1731166817575 5440.0 2
1731166817597 5447.0 2
1731166817622 5452.0 2
1731166817733 5455.0 2
1731166817769 5459.0 2
1731166817798 5467.0 2
1731166817832 5473.0 2
1731166817859 5485.0 2
1731166817887 5493.0 2
1731166817912 5503.0 2
1731166817936 5509.0 2
1731166817961 5519.0 2
1731166817989 5526.0 2
1731166818016 5534.0 2
1731166818062 5539.0 2
1731166818132 5547.0 2
1731166818166 5553.0 2
1731166818213 5559.0 2
1731166818249 5562.0 2
1731166818274 5564.0 2
1731166818303 5571.0 2
1731166818324 5578.0 2
1731166818344 5581.0 2
1731166818367 5590.0 2
1731166818394 5597.0 2
1731166818424 5600.0 2
1731166818466 5610.0 2
1731166818495 5615.0 2
1731166818522 5623.0 2
1731166818552 5631.0 2
1731166818609 5638.0 2
1731166818631 5645.0 2
1731166818657 5654.0 2
1731166818682 5654.0 2
1731166818712 5660.0 2
1731166818735 5667.0 2
1731166818776 5672.0 2
1731166818802 5677.0 2
1731166818834 5681.0 2
1731166818856 5688.0 2
1731166818879 5693.0 2
1731166818962 5698.0 2
1731166818996 5702.0 2
1731166819034 5708.0 2
1731166819069 5713.0 2
1731166819100 5720.0 2
1731166819130 5725.0 2
1731166819164 5733.0 2
1731166819195 5743.0 2
1731166819224 5747.0 2
1731166819253 5753.0 2
1731166819274 5767.0 2
1731166819297 5773.0 2
1731166819320 5781.0 2
1731166819344 5787.0 2
1731166819365 5792.0 2
1731166819390 5797.0 2
1731166819418 5803.0 2
1731166819451 5808.0 2
1731166819483 5813.0 2
1731166819510 5818.0 2
1731166819563 5824.0 2
1731166819590 5830.0 2
1731166819689 5838.0 2
1731166819725 5847.0 2
1731166819756 5851.0 2
1731166819813 3.0 3
1731166819852 7.0 3
1731166819892 15.0 3
1731166819923 19.0 3
1731166819952 25.0 3
1731166819979 32.0 3
1731166820014 38.0 3
1731166820042 42.0 3
1731166820061 47.0 3
1731166820088 53.0 3
1731166820120 58.0 3
1731166820142 65.0 3
1731166820163 67.0 3
1731166820189 77.0 3
1731166820210 81.0 3
1731166820250 84.0 3
1731166820284 89.0 3
1731166820323 95.0 3
1731166820371 98.0 3
1731166820400 102.0 3
1731166820426 106.0 3
1731166820456 108.0 3
1731166820483 112.0 3
1731166820508 122.0 3
1731166820530 127.0 3
1731166820553 133.0 3
1731166820576 135.0 3
1731166820599 144.0 3
1731166820623 152.0 3
1731166820655 156.0 3
1731166820676 162.0 3
1731166820706 167.0 3
1731166820728 172.0 3
1731166820758 178.0 3
1731166820797 187.0 3
1731166820837 196.0 3
1731166820862 203.0 3
1731166820891 212.0 3
1731166820914 220.0 3
1731166820942 230.0 3
1731166820964 235.0 3
1731166820981 241.0 3
1731166821001 251.0 3
1731166821035 261.0 3
1731166821120 267.0 3
1731166821146 272.0 3
1731166821178 276.0 3
1731166821203 280.0 3
1731166821226 284.0 3
1731166821250 293.0 3
1731166821271 301.0 3
1731166821297 308.0 3
1731166821335 317.0 3
1731166821355 324.0 3
1731166821378 329.0 3
1731166821411 337.0 3
1731166821459 340.0 3
1731166821486 349.0 3
1731166821511 354.0 3
1731166821538 363.0 3
1731166821579 368.0 3
1731166821605 376.0 3
1731166821627 385.0 3
1731166821648 390.0 3
1731166821672 394.0 3
1731166821692 401.0 3
1731166821712 404.0 3
1731166821738 410.0 3
1731166821764 419.0 3
1731166821796 425.0 3
1731166821830 432.0 3
1731166821867 436.0 3
1731166821899 443.0 3
1731166821952 450.0 3
1731166822021 453.0 3
1731166822068 457.0 3
1731166822115 463.0 3
1731166822140 467.0 3
1731166822169 472.0 3
1731166822194 477.0 3
1731166822228 480.0 3
1731166822259 487.0 3
1731166822281 494.0 3
1731166822311 498.0 3
1731166822336 502.0 3
1731166822362 509.0 3
1731166822391 515.0 3
1731166822423 519.0 3
1731166822458 528.0 3
1731166822491 534.0 3
1731166822515 541.0 3
1731166822538 547.0 3
1731166822573 553.0 3
1731166822649 554.0 3
1731166822696 560.0 3
1731166822728 568.0 3
1731166822760 573.0 3
1731166822781 576.0 3
1731166822807 580.0 3
1731166822830 587.0 3
1731166822863 596.0 3
1731166822889 601.0 3
1731166822930 607.0 3
1731166822959 613.0 3
1731166822986 617.0 3
1731166823012 621.0 3
1731166823037 626.0 3
1731166823065 633.0 3
1731166823096 641.0 3
1731166823135 645.0 3
1731166823161 652.0 3
1731166823186 658.0 3
1731166823212 663.0 3
1731166823234 673.0 3
1731166823258 679.0 3
1731166823290 685.0 3
1731166823320 686.0 3
1731166823353 693.0 3
